data/raw_ctdtime/AB1403_time_019.cnv
* Sea-Bird SBE 9 Data File:
* FileName = C:\CTD\2014Data\03 - 2014 March\AE1404\data\ab1403_019.hex
* Software Version Seasave V 7.22.5
* Temperature SN = 5898
* Conductivity SN = 3861
* Number of Bytes Per Scan = 41
* Number of Voltage Words = 4
* Number of Scans Averaged by the Deck Unit = 1
* NMEA Latitude = 26 29.90 N
* NMEA Longitude = 073 52.03 W
* NMEA UTC (Time) = Mar 21 2014  12:19:31
* NMEA baud rate = 4800
# nquan = 12
# nvalues = 13363                       
# units = specified
# name 0 = timeJ: Julian Days
# name 1 = timeS: Time, Elapsed [seconds]
# name 2 = prDM: Pressure, Digiquartz [db]
# name 3 = t090C: Temperature [ITS-90, deg C]
# name 4 = t190C: Temperature, 2 [ITS-90, deg C]
# name 5 = c0S/m: Conductivity [S/m]
# name 6 = c1S/m: Conductivity, 2 [S/m]
# name 7 = sal00: Salinity, Practical [PSU]
# name 8 = sal11: Salinity, Practical, 2 [PSU]
# name 9 = latitude: Latitude [deg]
# name 10 = longitude: Longitude [deg]
# name 11 = flag:
# span 0 =  80.513557,  80.668205       
# span 1 =      0.479,  13362.083       
# span 2 =      0.376,   4806.980       
# span 3 =     2.1480,    25.1050       
# span 4 =     2.1493,    25.1065       
# span 5 =   3.248335,   5.542021       
# span 6 =   3.248140,   5.541905       
# span 7 =    34.8714,    36.7367       
# span 8 =    33.9862,    36.7337       
# span 9 =   26.49835,   26.51260       
# span 10 =  -73.87550,  -73.86666      
# span 11 = 0.0000e+00, 0.0000e+00      
# interval = seconds: 1                 
# start_time = Mar 21 2014 12:19:31 [NMEA time, header]
# bad_flag = -9.990e-29
*END*
[from data line 8422]
  80.611038   8422.479   3002.519     2.7703     2.7699   3.265362   3.265077    34.9267    34.9238   26.50694  -73.87220 0.0000e+00
  80.611046   8423.479   3001.601     2.7703     2.7707   3.265337   3.265115    34.9268    34.9238   26.50694  -73.87220 0.0000e+00
  80.611061   8424.479   3000.292     2.7720     2.7729   3.265441   3.265279    34.9268    34.9239   26.50694  -73.87220 0.0000e+00
  80.611069   8425.479   2998.813     2.7731     2.7743   3.265484   3.265354    34.9268    34.9240   26.50694  -73.87220 0.0000e+00
  80.611084   8426.479   2997.473     2.7736     2.7748   3.265483   3.265358    34.9270    34.9241   26.50694  -73.87220 0.0000e+00
  80.611092   8427.479   2996.616     2.7739     2.7742   3.265483   3.265278    34.9270    34.9242   26.50696  -73.87220 0.0000e+00
  80.611107   8428.479   2996.375     2.7740     2.7740   3.265491   3.265262    34.9271    34.9244   26.50696  -73.87219 0.0000e+00
  80.611115   8429.479   2996.345     2.7732     2.7735   3.265413   3.265210    34.9271    34.9243   26.50696  -73.87218 0.0000e+00
  80.611130   8430.479   2995.870     2.7731     2.7736   3.265381   3.265174    34.9270    34.9240   26.50696  -73.87218 0.0000e+00
  80.611137   8431.479   2994.683     2.7743     2.7747   3.265454   3.265238    34.9271    34.9241   26.50696  -73.87218 0.0000e+00
  80.611153   8432.479   2993.190     2.7758     2.7767   3.265528   3.265368    34.9271    34.9242   26.50698  -73.87218 0.0000e+00
  80.611160   8433.479   2991.846     2.7764     2.7777   3.265533   3.265408    34.9271    34.9243   26.50698  -73.87220 0.0000e+00
  80.611176   8434.479   2991.050     2.7766     2.7772   3.265540   3.265348    34.9273    34.9244   26.50698  -73.87219 0.0000e+00
  80.611183   8435.479   2990.876     2.7762     2.7767   3.265491   3.265303    34.9272    34.9245   26.50698  -73.87218 0.0000e+00
  80.611198   8436.479   2990.818     2.7752     2.7766   3.265383   3.265286    34.9271    34.9244   26.50698  -73.87218 0.0000e+00
  80.611206   8437.479   2990.223     2.7755     2.7770   3.265392   3.265286    34.9271    34.9242   26.50698  -73.87218 0.0000e+00
  80.611221   8438.479   2989.056     2.7765     2.7774   3.265444   3.265274    34.9272    34.9242   26.50700  -73.87218 0.0000e+00
  80.611229   8439.479   2987.762     2.7773     2.7780   3.265474   3.265288    34.9273    34.9243   26.50700  -73.87218 0.0000e+00
  80.611244   8440.479   2986.599     2.7775     2.7784   3.265454   3.265294    34.9273    34.9245   26.50700  -73.87218 0.0000e+00
  80.611252   8441.479   2985.611     2.7776     2.7783   3.265410   3.265251    34.9272    34.9245   26.50700  -73.87218 0.0000e+00
  80.611267   8442.479   2984.798     2.7776     2.7783   3.265391   3.265216    34.9273    34.9245   26.50700  -73.87218 0.0000e+00
  80.611282   8443.479   2984.197     2.7773     2.7782   3.265349   3.265183    34.9274    34.9245   26.50702  -73.87218 0.0000e+00
  80.611290   8444.479   2983.750     2.7773     2.7779   3.265322   3.265148    34.9273    34.9246   26.50702  -73.87218 0.0000e+00
  80.611305   8445.479   2983.163     2.7774     2.7781   3.265313   3.265122    34.9273    34.9244   26.50702  -73.87218 0.0000e+00
  80.611313   8446.479   2982.233     2.7777     2.7783   3.265305   3.265118    34.9274    34.9245   26.50702  -73.87218 0.0000e+00
  80.611328   8447.479   2981.130     2.7784     2.7790   3.265330   3.265149    34.9274    34.9247   26.50702  -73.87218 0.0000e+00
  80.611336   8448.479   2980.174     2.7795     2.7800   3.265392   3.265207    34.9274    34.9247   26.50702  -73.87218 0.0000e+00
  80.611351   8449.479   2979.521     2.7791     2.7799   3.265330   3.265166    34.9274    34.9246   26.50702  -73.87216 0.0000e+00
  80.611359   8450.479   2978.963     2.7785     2.7796   3.265252   3.265115    34.9274    34.9245   26.50704  -73.87216 0.0000e+00
  80.611374   8451.479   2978.137     2.7808     2.7799   3.265442   3.265108    34.9276    34.9245   26.50704  -73.87216 0.0000e+00
  80.611382   8452.479   2977.025     2.7837     2.7841   3.265678   3.265464    34.9277    34.9247   26.50704  -73.87216 0.0000e+00
  80.611397   8453.479   2975.879     2.7855     2.7863   3.265802   3.265635    34.9278    34.9249   26.50704  -73.87218 0.0000e+00
  80.611404   8454.479   2974.981     2.7865     2.7868   3.265869   3.265658    34.9279    34.9251   26.50704  -73.87218 0.0000e+00
  80.611420   8455.479   2974.556     2.7856     2.7861   3.265778   3.265589    34.9280    34.9252   26.50704  -73.87216 0.0000e+00
  80.611427   8456.479   2974.438     2.7865     2.7853   3.265842   3.265508    34.9279    34.9252   26.50706  -73.87216 0.0000e+00
  80.611443   8457.479   2974.061     2.7858     2.7852   3.265756   3.265451    34.9278    34.9249   26.50706  -73.87216 0.0000e+00
  80.611450   8458.479   2973.026     2.7871     2.7869   3.265855   3.265583    34.9281    34.9251   26.50706  -73.87216 0.0000e+00
  80.611465   8459.479   2971.555     2.7897     2.7907   3.266051   3.265885    34.9282    34.9252   26.50706  -73.87216 0.0000e+00
  80.611473   8460.479   2970.026     2.7907     2.7918   3.266069   3.265933    34.9282    34.9253   26.50706  -73.87216 0.0000e+00
  80.611488   8461.479   2968.808     2.7910     2.7921   3.266069   3.265915    34.9283    34.9254   26.50706  -73.87216 0.0000e+00
  80.611496   8462.479   2968.111     2.7911     2.7912   3.266038   3.265818    34.9283    34.9255   26.50706  -73.87216 0.0000e+00
  80.611511   8463.479   2967.798     2.7912     2.7912   3.266038   3.265822    34.9282    34.9256   26.50706  -73.87216 0.0000e+00
  80.611519   8464.479   2967.471     2.7914     2.7908   3.266044   3.265749    34.9283    34.9255   26.50708  -73.87216 0.0000e+00
  80.611534   8465.479   2966.950     2.7911     2.7911   3.266008   3.265752    34.9284    34.9254   26.50708  -73.87216 0.0000e+00
  80.611542   8466.479   2966.399     2.7907     2.7918   3.265934   3.265800    34.9283    34.9254   26.50708  -73.87216 0.0000e+00
  80.611557   8467.479   2965.796     2.7920     2.7921   3.266035   3.265803    34.9283    34.9255   26.50708  -73.87216 0.0000e+00
  80.611565   8468.479   2964.901     2.7934     2.7947   3.266140   3.266004    34.9284    34.9254   26.50708  -73.87216 0.0000e+00
  80.611580   8469.479   2963.655     2.7959     2.7971   3.266318   3.266188    34.9285    34.9257   26.50710  -73.87216 0.0000e+00
  80.611588   8470.479   2962.260     2.7972     2.7982   3.266386   3.266227    34.9285    34.9256   26.50710  -73.87216 0.0000e+00
  80.611603   8471.479   2960.925     2.7980     2.7994   3.266412   3.266298    34.9286    34.9258   26.50710  -73.87216 0.0000e+00
  80.611618   8472.479   2959.770     2.7990     2.8004   3.266454   3.266350    34.9286    34.9258   26.50710  -73.87216 0.0000e+00
  80.611626   8473.479   2958.919     2.7992     2.8007   3.266436   3.266337    34.9285    34.9258   26.50710  -73.87216 0.0000e+00
  80.611641   8474.479   2958.545     2.7991     2.7994   3.266430   3.266220    34.9288    34.9260   26.50712  -73.87216 0.0000e+00
  80.611649   8475.479   2958.515     2.7996     2.7988   3.266472   3.266170    34.9288    34.9261   26.50712  -73.87216 0.0000e+00
  80.611664   8476.479   2958.341     2.7996     2.7996   3.266463   3.266219    34.9287    34.9258   26.50712  -73.87216 0.0000e+00
  80.611671   8477.479   2957.553     2.7995     2.7996   3.266420   3.266181    34.9287    34.9258   26.50712  -73.87216 0.0000e+00
  80.611687   8478.479   2956.358     2.8004     2.8010   3.266459   3.266275    34.9288    34.9259   26.50712  -73.87216 0.0000e+00
  80.611694   8479.479   2955.211     2.8008     2.8015   3.266450   3.266269    34.9287    34.9259   26.50714  -73.87215 0.0000e+00
  80.611710   8480.479   2954.375     2.8008     2.8015   3.266425   3.266249    34.9288    34.9260   26.50714  -73.87214 0.0000e+00
  80.611717   8481.479   2953.734     2.8002     2.8013   3.266344   3.266214    34.9288    34.9261   26.50714  -73.87214 0.0000e+00
  80.611732   8482.479   2952.913     2.8012     2.8018   3.266391   3.266210    34.9287    34.9259   26.50714  -73.87214 0.0000e+00
  80.611740   8483.479   2951.764     2.8035     2.8042   3.266567   3.266386    34.9288    34.9259   26.50714  -73.87214 0.0000e+00
  80.611755   8484.479   2950.462     2.8053     2.8061   3.266694   3.266512    34.9289    34.9260   26.50714  -73.87214 0.0000e+00
  80.611763   8485.479   2949.260     2.8066     2.8077   3.266769   3.266616    34.9290    34.9261   26.50714  -73.87214 0.0000e+00
  80.611778   8486.479   2948.397     2.8070     2.8088   3.266776   3.266689    34.9291    34.9261   26.50716  -73.87214 0.0000e+00
  80.611786   8487.479   2947.989     2.8070     2.8064   3.266764   3.266475    34.9292    34.9264   26.50716  -73.87214 0.0000e+00
  80.611801   8488.479   2947.884     2.8069     2.8058   3.266739   3.266402    34.9291    34.9263   26.50716  -73.87214 0.0000e+00
  80.611809   8489.479   2947.708     2.8052     2.8048   3.266574   3.266295    34.9290    34.9261   26.50716  -73.87214 0.0000e+00
  80.611824   8490.479   2947.068     2.8065     2.8064   3.266686   3.266413    34.9292    34.9261   26.50716  -73.87212 0.0000e+00
  80.611832   8491.479   2945.999     2.8089     2.8095   3.266867   3.266665    34.9293    34.9263   26.50716  -73.87212 0.0000e+00
  80.611847   8492.479   2944.771     2.8104     2.8112   3.266949   3.266783    34.9292    34.9264   26.50716  -73.87214 0.0000e+00
  80.611855   8493.479   2943.588     2.8118     2.8127   3.267039   3.266880    34.9293    34.9264   26.50718  -73.87214 0.0000e+00
  80.611870   8494.479   2942.585     2.8125     2.8131   3.267067   3.266877    34.9293    34.9264   26.50718  -73.87212 0.0000e+00
  80.611877   8495.479   2941.850     2.8125     2.8143   3.267038   3.266952    34.9293    34.9264   26.50718  -73.87212 0.0000e+00
  80.611893   8496.479   2941.224     2.8121     2.8144   3.266962   3.266937    34.9293    34.9265   26.50718  -73.87212 0.0000e+00
  80.611900   8497.479   2940.373     2.8140     2.8150   3.267104   3.266950    34.9293    34.9263   26.50718  -73.87212 0.0000e+00
  80.611916   8498.479   2939.244     2.8158     2.8166   3.267243   3.267074    34.9295    34.9266   26.50718  -73.87212 0.0000e+00
  80.611923   8499.479   2938.153     2.8171     2.8173   3.267312   3.267096    34.9295    34.9267   26.50718  -73.87212 0.0000e+00
  80.611938   8500.479   2937.360     2.8169     2.8174   3.267275   3.267076    34.9296    34.9266   26.50720 -9.990e-29 0.0000e+00
  80.611954   8501.479   2936.902     2.8163     2.8167   3.267204   3.267000    34.9296    34.9268   26.50720 -9.990e-29 0.0000e+00
  80.611961   8502.479   2936.551     2.8164     2.8166   3.267200   3.266981    34.9296    34.9268   26.50720 -9.990e-29 0.0000e+00
  80.611977   8503.479   2936.053     2.8165     2.8170   3.267184   3.266984    34.9296    34.9267   26.50720 -9.990e-29 0.0000e+00
  80.611984   8504.479   2935.284     2.8186     2.8183   3.267355   3.267065    34.9297    34.9266   26.50720 -9.990e-29 0.0000e+00
  80.612000   8505.479   2934.251     2.8206     2.8213   3.267489   3.267305    34.9296    34.9267   26.50720 -9.990e-29 0.0000e+00
  80.612007   8506.479   2933.015     2.8214     2.8228   3.267523   3.267401    34.9297    34.9267   26.50722 -9.990e-29 0.0000e+00
  80.612022   8507.479   2931.775     2.8220     2.8235   3.267517   3.267423    34.9296    34.9269   26.50722 -9.990e-29 0.0000e+00
  80.612030   8508.479   2930.781     2.8226     2.8237   3.267547   3.267397    34.9297    34.9268   26.50722 -9.990e-29 0.0000e+00
  80.612045   8509.479   2930.215     2.8222     2.8222   3.267490   3.267256    34.9298    34.9270   26.50722 -9.990e-29 0.0000e+00
  80.612053   8510.479   2929.992     2.8232     2.8228   3.267564   3.267313    34.9297    34.9271   26.50724 -9.990e-29 0.0000e+00
  80.612068   8511.479   2929.690     2.8231     2.8226   3.267546   3.267259    34.9298    34.9268   26.50724 -9.990e-29 0.0000e+00
  80.612076   8512.479   2928.842     2.8233     2.8232   3.267529   3.267273    34.9298    34.9268   26.50724 -9.990e-29 0.0000e+00
  80.612091   8513.479   2927.441     2.8246     2.8254   3.267598   3.267428    34.9298    34.9270   26.50724 -9.990e-29 0.0000e+00
  80.612099   8514.479   2925.802     2.8250     2.8261   3.267587   3.267432    34.9299    34.9270   26.50724 -9.990e-29 0.0000e+00
  80.612114   8515.479   2924.364     2.8256     2.8269   3.267571   3.267441    34.9299    34.9269   26.50724 -9.990e-29 0.0000e+00
  80.612122   8516.479   2923.625     2.8256     2.8261   3.267554   3.267370    34.9300    34.9273   26.50726 -9.990e-29 0.0000e+00
  80.612137   8517.479   2923.674     2.8252     2.8256   3.267526   3.267340    34.9301    34.9274   26.50726 -9.990e-29 0.0000e+00
  80.612144   8518.479   2923.919     2.8252     2.8257   3.267525   3.267339    34.9299    34.9272   26.50726 -9.990e-29 0.0000e+00
  80.612160   8519.479   2923.653     2.8249     2.8258   3.267479   3.267324    34.9298    34.9270   26.50726 -9.990e-29 0.0000e+00
  80.612167   8520.479   2922.531     2.8256     2.8264   3.267515   3.267329    34.9300    34.9270   26.50726 -9.990e-29 0.0000e+00
  80.612183   8521.479   2921.034     2.8276     2.8283   3.267647   3.267454    34.9301    34.9272   26.50728 -9.990e-29 0.0000e+00
  80.612190   8522.479   2919.631     2.8309     2.8321   3.267895   3.267732    34.9301    34.9270   26.50728 -9.990e-29 0.0000e+00
  80.612206   8523.479   2918.552     2.8330     2.8337   3.268040   3.267857    34.9301    34.9272   26.50728 -9.990e-29 0.0000e+00
  80.612213   8524.479   2917.775     2.8337     2.8334   3.268077   3.267823    34.9301    34.9275   26.50730 -9.990e-29 0.0000e+00
  80.612228   8525.479   2917.047     2.8325     2.8342   3.267929   3.267868    34.9301    34.9275   26.50730 -9.990e-29 0.0000e+00
  80.612236   8526.479   2916.104     2.8360     2.8360   3.268226   3.267993    34.9303    34.9275   26.50730 -9.990e-29 0.0000e+00
  80.612251   8527.479   2914.983     2.8389     2.8393   3.268473   3.268261    34.9306    34.9277   26.50730 -9.990e-29 0.0000e+00
  80.612259   8528.479   2913.954     2.8396     2.8405   3.268495   3.268331    34.9306    34.9277   26.50730 -9.990e-29 0.0000e+00
  80.612274   8529.479   2913.294     2.8392     2.8398   3.268435   3.268250    34.9306    34.9278   26.50732 -9.990e-29 0.0000e+00
  80.612289   8530.479   2913.064     2.8386     2.8390   3.268375   3.268179    34.9308    34.9280   26.50732 -9.990e-29 0.0000e+00
  80.612297   8531.479   2912.911     2.8382     2.8400   3.268319   3.268243    34.9306    34.9278   26.50732 -9.990e-29 0.0000e+00
  80.612312   8532.479   2912.357     2.8380     2.8396   3.268282   3.268188    34.9306    34.9278   26.50732 -9.990e-29 0.0000e+00
  80.612320   8533.479   2911.334     2.8400     2.8411   3.268434   3.268279    34.9307    34.9278   26.50734 -9.990e-29 0.0000e+00
  80.612335   8534.479   2910.104     2.8427     2.8435   3.268626   3.268460    34.9307    34.9280   26.50734 -9.990e-29 0.0000e+00
  80.612343   8535.479   2908.836     2.8439     2.8450   3.268705   3.268549    34.9309    34.9280   26.50734 -9.990e-29 0.0000e+00
  80.612358   8536.479   2907.632     2.8453     2.8463   3.268785   3.268640    34.9309    34.9282   26.50736 -9.990e-29 0.0000e+00
  80.612366   8537.479   2906.577     2.8462     2.8475   3.268837   3.268723    34.9311    34.9283   26.50736 -9.990e-29 0.0000e+00
  80.612381   8538.479   2905.734     2.8463     2.8472   3.268817   3.268654    34.9312    34.9283   26.50736 -9.990e-29 0.0000e+00
  80.612389   8539.479   2905.089     2.8455     2.8477   3.268712   3.268683    34.9311    34.9284   26.50736 -9.990e-29 0.0000e+00
  80.612404   8540.479   2904.505     2.8459     2.8477   3.268730   3.268662    34.9312    34.9284   26.50736 -9.990e-29 0.0000e+00
