data/raw_ctdtime/AB1403_time_019.cnv
* Sea-Bird SBE 9 Data File:
* FileName = C:\CTD\2014Data\03 - 2014 March\AE1404\data\ab1403_019.hex
* Software Version Seasave V 7.22.5
* Temperature SN = 5898
* Conductivity SN = 3861
* Number of Bytes Per Scan = 41
* Number of Voltage Words = 4
* Number of Scans Averaged by the Deck Unit = 1
* NMEA Latitude = 26 29.90 N
* NMEA Longitude = 073 52.03 W
* NMEA UTC (Time) = Mar 21 2014  12:19:31
* NMEA baud rate = 4800
# nquan = 12
# nvalues = 13363                       
# units = specified
# name 0 = timeJ: Julian Days
# name 1 = timeS: Time, Elapsed [seconds]
# name 2 = prDM: Pressure, Digiquartz [db]
# name 3 = t090C: Temperature [ITS-90, deg C]
# name 4 = t190C: Temperature, 2 [ITS-90, deg C]
# name 5 = c0S/m: Conductivity [S/m]
# name 6 = c1S/m: Conductivity, 2 [S/m]
# name 7 = sal00: Salinity, Practical [PSU]
# name 8 = sal11: Salinity, Practical, 2 [PSU]
# name 9 = latitude: Latitude [deg]
# name 10 = longitude: Longitude [deg]
# name 11 = flag:
# span 0 =  80.513557,  80.668205       
# span 1 =      0.479,  13362.083       
# span 2 =      0.376,   4806.980       
# span 3 =     2.1480,    25.1050       
# span 4 =     2.1493,    25.1065       
# span 5 =   3.248335,   5.542021       
# span 6 =   3.248140,   5.541905       
# span 7 =    34.8714,    36.7367       
# span 8 =    33.9862,    36.7337       
# span 9 =   26.49835,   26.51260       
# span 10 =  -73.87550,  -73.86666      
# span 11 = 0.0000e+00, 0.0000e+00      
# interval = seconds: 1                 
# start_time = Mar 21 2014 12:19:31 [NMEA time, header]
# bad_flag = -9.990e-29
*END*
[from data line 11429]
  80.645836  11429.479    840.328    11.4103    11.4061   4.027867   4.027251    35.4682    35.4661   26.51054  -73.87444 0.0000e+00
  80.645851  11430.479    840.060    11.4107    11.4053   4.027934   4.027203    35.4687    35.4666   26.51054  -73.87444 0.0000e+00
  80.645859  11431.479    839.891    11.4129    11.4013   4.028149   4.026765    35.4688    35.4662   26.51054  -73.87444 0.0000e+00
  80.645874  11432.479    839.982    11.4167    11.4013   4.028564   4.026761    35.4691    35.4663   26.51054  -73.87444 0.0000e+00
  80.645882  11433.479    840.162    11.4171    11.4133   4.028587   4.028045    35.4689    35.4673   26.51054  -73.87444 0.0000e+00
  80.645897  11434.479    840.385    11.4151    11.4137   4.028375   4.028098    35.4687    35.4671   26.51054  -73.87446 0.0000e+00
  80.645905  11435.479    840.743    11.4059    11.4074   4.027358   4.027401    35.4676    35.4663   26.51054  -73.87446 0.0000e+00
  80.645920  11436.479    841.059    11.3966    11.3984   4.026350   4.026422    35.4666    35.4654   26.51054  -73.87444 0.0000e+00
  80.645935  11437.479    841.038    11.3982    11.3984   4.026561   4.026443    35.4672    35.4658   26.51054  -73.87444 0.0000e+00
  80.645943  11438.479    840.657    11.4086    11.4102   4.027691   4.027689    35.4682    35.4666   26.51054  -73.87444 0.0000e+00
  80.645958  11439.479    840.122    11.4115    11.4074   4.028015   4.027447    35.4688    35.4671   26.51054  -73.87444 0.0000e+00
  80.645966  11440.479    839.667    11.4121    11.4020   4.028080   4.026849    35.4691    35.4667   26.51054  -73.87444 0.0000e+00
  80.645981  11441.479    839.464    11.4115    11.3990   4.028027   4.026530    35.4693    35.4667   26.51054  -73.87444 0.0000e+00
  80.645988  11442.479    839.424    11.4123    11.4042   4.028099   4.027051    35.4692    35.4668   26.51054  -73.87444 0.0000e+00
  80.646004  11443.479    839.430    11.4143    11.4056   4.028293   4.027207    35.4692    35.4668   26.51054  -73.87444 0.0000e+00
  80.646011  11444.479    839.678    11.4166    11.4081   4.028535   4.027514    35.4693    35.4675   26.51054  -73.87444 0.0000e+00
  80.646027  11445.479    840.300    11.4147    11.4098   4.028339   4.027694    35.4689    35.4672   26.51054  -73.87444 0.0000e+00
  80.646034  11446.479    841.078    11.3997    11.3988   4.026675   4.026463    35.4668    35.4653   26.51054  -73.87444 0.0000e+00
  80.646049  11447.479    841.519    11.3876    11.3881   4.025399   4.025299    35.4660    35.4643   26.51054  -73.87444 0.0000e+00
  80.646057  11448.479    841.268    11.3987    11.4015   4.026612   4.026728    35.4672    35.4657   26.51054  -73.87444 0.0000e+00
  80.646072  11449.479    840.706    11.4099    11.4084   4.027880   4.027558    35.4689    35.4670   26.51056  -73.87444 0.0000e+00
  80.646080  11450.479    840.326    11.4131    11.4081   4.028222   4.027514    35.4692    35.4671   26.51056  -73.87444 0.0000e+00
  80.646095  11451.479    840.277    11.4136    11.4088   4.028262   4.027591    35.4692    35.4673   26.51056  -73.87444 0.0000e+00
  80.646103  11452.479    840.150    11.4134    11.4100   4.028235   4.027701    35.4692    35.4671   26.51056  -73.87442 0.0000e+00
  80.646118  11453.479    839.662    11.4131    11.4094   4.028202   4.027631    35.4693    35.4673   26.51056  -73.87443 0.0000e+00
  80.646126  11454.479    839.221    11.4134    11.4080   4.028224   4.027491    35.4696    35.4674   26.51056  -73.87444 0.0000e+00
  80.646141  11455.479    839.330    11.4116    11.4084   4.028048   4.027550    35.4695    35.4676   26.51056  -73.87444 0.0000e+00
  80.646149  11456.479    839.972    11.4133    11.4110   4.028221   4.027830    35.4693    35.4676   26.51056  -73.87444 0.0000e+00
  80.646164  11457.479    840.747    11.4066    11.4065   4.027462   4.027333    35.4680    35.4667   26.51056  -73.87444 0.0000e+00
  80.646172  11458.479    841.167    11.4018    11.4044   4.026976   4.027103    35.4678    35.4664   26.51056  -73.87444 0.0000e+00
  80.646187  11459.479    840.552    11.4094    11.4092   4.027812   4.027622    35.4688    35.4671   26.51056  -73.87444 0.0000e+00
  80.646194  11460.479    839.452    11.4136    11.4095   4.028253   4.027631    35.4695    35.4674   26.51056  -73.87442 0.0000e+00
  80.646210  11461.479    838.611    11.4155    11.4098   4.028429   4.027652    35.4697    35.4676   26.51056  -73.87443 0.0000e+00
  80.646217  11462.479    838.233    11.4181    11.4107   4.028678   4.027720    35.4699    35.4676   26.51056  -73.87444 0.0000e+00
  80.646233  11463.479    837.848    11.4199    11.4111   4.028831   4.027730    35.4698    35.4674   26.51056  -73.87444 0.0000e+00
  80.646240  11464.479    837.365    11.4178    11.4109   4.028652   4.027700    35.4703    35.4676   26.51056  -73.87444 0.0000e+00
  80.646255  11465.479    837.146    11.4176    11.4153   4.028622   4.028192    35.4704    35.4683   26.51056  -73.87442 0.0000e+00
  80.646271  11466.479    836.797    11.4192    11.4191   4.028739   4.028561    35.4700    35.4682   26.51056  -73.87442 0.0000e+00
  80.646278  11467.479    835.835    11.4230    11.4217   4.029156   4.028821    35.4710    35.4690   26.51056  -73.87442 0.0000e+00
  80.646294  11468.479    834.461    11.4362    11.4367   4.030529   4.030405    35.4721    35.4704   26.51056  -73.87443 0.0000e+00
  80.646301  11469.479    833.303    11.4445    11.4452   4.031387   4.031318    35.4730    35.4716   26.51056  -73.87444 0.0000e+00
  80.646317  11470.479    833.023    11.4470    11.4423   4.031655   4.030992    35.4734    35.4714   26.51056  -73.87444 0.0000e+00
  80.646324  11471.479    833.335    11.4383    11.4359   4.030696   4.030270    35.4723    35.4704   26.51058  -73.87444 0.0000e+00
  80.646339  11472.479    833.462    11.4399    11.4329   4.030914   4.029968    35.4730    35.4705   26.51056  -73.87442 0.0000e+00
  80.646347  11473.479    832.922    11.4351    11.4334   4.030345   4.029983    35.4723    35.4704   26.51056  -73.87442 0.0000e+00
  80.646362  11474.479    831.818    11.4406    11.4398   4.030919   4.030625    35.4732    35.4710   26.51056  -73.87442 0.0000e+00
  80.646370  11475.479    830.529    11.4540    11.4546   4.032351   4.032197    35.4748    35.4729   26.51058  -73.87443 0.0000e+00
  80.646385  11476.479    829.432    11.4747    11.4830   4.034572   4.035428    35.4769    35.4771   26.51058  -73.87444 0.0000e+00
  80.646393  11477.479    829.116    11.4798    11.4734   4.034989   4.034279    35.4761    35.4754   26.51058  -73.87444 0.0000e+00
  80.646408  11478.479    829.416    11.4502    11.4555   4.031923   4.032277    35.4750    35.4730   26.51058  -73.87442 0.0000e+00
  80.646416  11479.479    829.175    11.4524    11.4546   4.032070   4.032170    35.4744    35.4733   26.51058  -73.87442 0.0000e+00
  80.646431  11480.479    828.002    11.4809    11.4762   4.035305   4.034475    35.4793    35.4759   26.51058  -73.87442 0.0000e+00
  80.646439  11481.479    826.593    11.5493    11.5310   4.042813   4.040640    35.4868    35.4838   26.51058  -73.87442 0.0000e+00
  80.646454  11482.479    825.484    11.5735    11.5765   4.045372   4.045531    35.4888    35.4878   26.51058  -73.87442 0.0000e+00
  80.646461  11483.479    824.988    11.5797    11.5677   4.046083   4.044469    35.4903    35.4853   26.51058  -73.87442 0.0000e+00
  80.646477  11484.479    824.896    11.5483    11.5390   4.042326   4.041409    35.4840    35.4843   26.51060  -73.87442 0.0000e+00
  80.646484  11485.479    824.839    11.4978    11.5254   4.037002   4.039955    35.4816    35.4840   26.51060  -73.87442 0.0000e+00
  80.646500  11486.479    824.735    11.4993    11.5453   4.037323   4.042037    35.4836    35.4846   26.51060  -73.87442 0.0000e+00
  80.646507  11487.479    824.321    11.4977    11.5296   4.036877   4.040265    35.4809    35.4831   26.51058  -73.87442 0.0000e+00
  80.646523  11488.479    823.286    11.5303    11.5499   4.040625   4.042481    35.4866    35.4862   26.51058  -73.87442 0.0000e+00
  80.646530  11489.479    821.884    11.6139    11.6311   4.049833   4.051465    35.4962    35.4961   26.51060  -73.87442 0.0000e+00
  80.646545  11490.479    820.566    11.6656    11.6674   4.055419   4.055412    35.5011    35.4996   26.51060  -73.87442 0.0000e+00
  80.646553  11491.479    819.727    11.6598    11.6844   4.054557   4.057203    35.4987    35.5010   26.51060  -73.87442 0.0000e+00
  80.646568  11492.479    819.572    11.6853    11.6810   4.057565   4.056974    35.5040    35.5027   26.51060  -73.87442 0.0000e+00
  80.646576  11493.479    819.771    11.6542    11.6507   4.054333   4.053589    35.5032    35.4990   26.51060  -73.87442 0.0000e+00
  80.646591  11494.479    819.778    11.6235    11.6242   4.050644   4.050714    35.4966    35.4970   26.51060  -73.87442 0.0000e+00
  80.646606  11495.479    819.071    11.6274    11.6331   4.051153   4.051621    35.4990    35.4984   26.51060  -73.87442 0.0000e+00
  80.646614  11496.479    817.819    11.6993    11.6755   4.059189   4.056293    35.5087    35.5037   26.51060  -73.87442 0.0000e+00
  80.646629  11497.479    816.627    11.7662    11.7425   4.066491   4.063735    35.5152    35.5118   26.51060  -73.87442 0.0000e+00
  80.646637  11498.479    815.892    11.7756    11.7548   4.067619   4.065132    35.5178    35.5139   26.51060  -73.87442 0.0000e+00
  80.646652  11499.479    815.637    11.7833    11.7531   4.068291   4.065097    35.5172    35.5153   26.51060  -73.87442 0.0000e+00
  80.646660  11500.479    815.462    11.7372    11.7380   4.063146   4.063186    35.5122    35.5119   26.51060  -73.87442 0.0000e+00
  80.646675  11501.479    814.995    11.7096    11.7379   4.060076   4.062656    35.5100    35.5073   26.51060  -73.87442 0.0000e+00
  80.646683  11502.479    814.123    11.7586    11.7527   4.065630   4.064792    35.5176    35.5157   26.51060  -73.87442 0.0000e+00
  80.646698  11503.479    812.987    11.8690    11.8477   4.077803   4.075305    35.5293    35.5261   26.51060  -73.87442 0.0000e+00
  80.646706  11504.479    811.846    11.8932    11.8954   4.080465   4.080589    35.5325    35.5316   26.51060  -73.87442 0.0000e+00
  80.646721  11505.479    811.073    11.9047    11.9093   4.081672   4.082109    35.5339    35.5335   26.51060  -73.87442 0.0000e+00
  80.646729  11506.479    810.715    11.9023    11.8933   4.081525   4.080359    35.5356    35.5327   26.51060  -73.87442 0.0000e+00
  80.646744  11507.479    810.469    11.8989    11.8983   4.080989   4.080839    35.5341    35.5332   26.51060  -73.87442 0.0000e+00
  80.646751  11508.479    810.292    11.8777    11.8791   4.078632   4.078633    35.5322    35.5305   26.51060  -73.87442 0.0000e+00
  80.646767  11509.479    810.061    11.8622    11.8557   4.076807   4.075943    35.5300    35.5276   26.51060  -73.87442 0.0000e+00
  80.646774  11510.479    809.323    11.8841    11.8762   4.079446   4.078243    35.5353    35.5314   26.51060  -73.87442 0.0000e+00
  80.646790  11511.479    808.215    11.9590    11.9478   4.087777   4.086098    35.5443    35.5394   26.51060  -73.87442 0.0000e+00
  80.646797  11512.479    807.134    12.0041    12.0050   4.092674   4.092714    35.5487    35.5482   26.51062  -73.87442 0.0000e+00
  80.646812  11513.479    806.298    12.0224    12.0388   4.094743   4.096587    35.5518    35.5541   26.51062  -73.87442 0.0000e+00
  80.646820  11514.479    805.641    12.0121    12.0231   4.093126   4.094647    35.5466    35.5508   26.51062  -73.87442 0.0000e+00
  80.646835  11515.479    805.085    11.9855    12.0567   4.090667   4.098227    35.5497    35.5540   26.51062  -73.87442 0.0000e+00
  80.646843  11516.479    804.670    11.9900    12.0197   4.090961   4.094132    35.5485    35.5504   26.51062  -73.87442 0.0000e+00
  80.646858  11517.479    804.229    12.0010    12.0159   4.092281   4.093748    35.5512    35.5510   26.51062  -73.87442 0.0000e+00
  80.646866  11518.479    803.536    12.0600    12.0229   4.098918   4.094614    35.5592    35.5540   26.51062  -73.87442 0.0000e+00
  80.646881  11519.479    802.731    12.1134    12.1021   4.104705   4.103219    35.5639    35.5612   26.51062  -73.87442 0.0000e+00
  80.646889  11520.479    802.087    12.1216    12.1174   4.105594   4.105022    35.5652    35.5639   26.51062  -73.87442 0.0000e+00
  80.646904  11521.479    801.641    12.1004    12.1092   4.103168   4.104120    35.5629    35.5637   26.51062  -73.87442 0.0000e+00
  80.646912  11522.479    801.266    12.0841    12.0922   4.101375   4.102165    35.5620    35.5615   26.51062  -73.87442 0.0000e+00
  80.646927  11523.479    800.854    12.0964    12.0933   4.102841   4.102231    35.5648    35.5621   26.51062  -73.87442 0.0000e+00
  80.646942  11524.479    800.203    12.1721    12.1450   4.110730   4.107655    35.5692    35.5662   26.51062  -73.87442 0.0000e+00
  80.646950  11525.479    799.266    12.3161    12.3053   4.127290   4.125717    35.5902    35.5867   26.51064  -73.87442 0.0000e+00
  80.646965  11526.479    798.300    12.3847    12.3803   4.134783   4.134494    35.5970    35.5988   26.51064  -73.87442 0.0000e+00
  80.646973  11527.479    797.525    12.3925    12.4122   4.135490   4.137861    35.5971    35.6013   26.51064  -73.87442 0.0000e+00
  80.646988  11528.479    796.734    12.3691    12.4145   4.133371   4.137810    35.6012    35.5996   26.51064  -73.87442 0.0000e+00
  80.646996  11529.479    795.730    12.4364    12.4366   4.140573   4.140634    35.6064    35.6072   26.51064  -73.87442 0.0000e+00
  80.647011  11530.479    794.747    12.4598    12.4595   4.143214   4.143128    35.6103    35.6100   26.51064  -73.87442 0.0000e+00
  80.647018  11531.479    794.201    12.4656    12.4619   4.143825   4.143446    35.6116    35.6116   26.51064  -73.87442 0.0000e+00
  80.647034  11532.479    794.290    12.4547    12.4475   4.142523   4.141668    35.6101    35.6086   26.51064  -73.87442 0.0000e+00
  80.647041  11533.479    794.515    12.4101    12.4104   4.137425   4.137457    35.6046    35.6046   26.51064  -73.87442 0.0000e+00
  80.647057  11534.479    794.315    12.4054    12.4096   4.137002   4.137332    35.6059    35.6051   26.51064  -73.87442 0.0000e+00
  80.647064  11535.479    793.432    12.4437    12.4343   4.141337   4.140095    35.6114    35.6087   26.51064  -73.87442 0.0000e+00
  80.647079  11536.479    792.105    12.4951    12.4759   4.147091   4.144783    35.6181    35.6150   26.51066  -73.87442 0.0000e+00
  80.647087  11537.479    790.620    12.5750    12.5646   4.155990   4.154544    35.6274    35.6240   26.51066  -73.87442 0.0000e+00
  80.647102  11538.479    789.366    12.5988    12.5953   4.158547   4.158040    35.6299    35.6284   26.51066  -73.87442 0.0000e+00
  80.647110  11539.479    788.734    12.6048    12.5913   4.159203   4.157647    35.6313    35.6293   26.51066  -73.87442 0.0000e+00
  80.647125  11540.479    788.646    12.5927    12.5848   4.157794   4.156844    35.6300    35.6284   26.51066  -73.87442 0.0000e+00
  80.647133  11541.479    788.516    12.5771    12.5411   4.155858   4.151776    35.6272    35.6215   26.51066  -73.87442 0.0000e+00
  80.647148  11542.479    787.962    12.5721    12.5189   4.155309   4.149683    35.6273    35.6253   26.51066  -73.87442 0.0000e+00
  80.647156  11543.479    787.147    12.5818    12.5781   4.156550   4.156003    35.6307    35.6291   26.51066  -73.87442 0.0000e+00
  80.647171  11544.479    786.396    12.6355    12.6070   4.162234   4.159142    35.6341    35.6316   26.51066  -73.87442 0.0000e+00
  80.647179  11545.479    785.884    12.6484    12.6214   4.163757   4.160851    35.6366    35.6344   26.51066  -73.87442 0.0000e+00
  80.647194  11546.479    785.583    12.6471    12.6145   4.163732   4.160089    35.6383    35.6344   26.51068  -73.87442 0.0000e+00
  80.647202  11547.479    785.176    12.6454    12.6046   4.163419   4.159138    35.6373    35.6350   26.51066  -73.87442 0.0000e+00
