data/raw_ctdtime/AB1403_time_019.cnv
* Sea-Bird SBE 9 Data File:
* FileName = C:\CTD\2014Data\03 - 2014 March\AE1404\data\ab1403_019.hex
* Software Version Seasave V 7.22.5
* Temperature SN = 5898
* Conductivity SN = 3861
* Number of Bytes Per Scan = 41
* Number of Voltage Words = 4
* Number of Scans Averaged by the Deck Unit = 1
* NMEA Latitude = 26 29.90 N
* NMEA Longitude = 073 52.03 W
* NMEA UTC (Time) = Mar 21 2014  12:19:31
* NMEA baud rate = 4800
# nquan = 12
# nvalues = 13363                       
# units = specified
# name 0 = timeJ: Julian Days
# name 1 = timeS: Time, Elapsed [seconds]
# name 2 = prDM: Pressure, Digiquartz [db]
# name 3 = t090C: Temperature [ITS-90, deg C]
# name 4 = t190C: Temperature, 2 [ITS-90, deg C]
# name 5 = c0S/m: Conductivity [S/m]
# name 6 = c1S/m: Conductivity, 2 [S/m]
# name 7 = sal00: Salinity, Practical [PSU]
# name 8 = sal11: Salinity, Practical, 2 [PSU]
# name 9 = latitude: Latitude [deg]
# name 10 = longitude: Longitude [deg]
# name 11 = flag:
# span 0 =  80.513557,  80.668205       
# span 1 =      0.479,  13362.083       
# span 2 =      0.376,   4806.980       
# span 3 =     2.1480,    25.1050       
# span 4 =     2.1493,    25.1065       
# span 5 =   3.248335,   5.542021       
# span 6 =   3.248140,   5.541905       
# span 7 =    34.8714,    36.7367       
# span 8 =    33.9862,    36.7337       
# span 9 =   26.49835,   26.51260       
# span 10 =  -73.87550,  -73.86666      
# span 11 = 0.0000e+00, 0.0000e+00      
# interval = seconds: 1                 
# start_time = Mar 21 2014 12:19:31 [NMEA time, header]
# bad_flag = -9.990e-29
*END*
[from data line 6978]
  80.594322   6978.479   3967.263     2.2803     2.2813   3.254382   3.254189    34.8945    34.8912   26.50366  -73.87124 0.0000e+00
  80.594337   6979.479   3965.852     2.2801     2.2811   3.254314   3.254110    34.8945    34.8910   26.50366  -73.87125 0.0000e+00
  80.594345   6980.479   3964.576     2.2801     2.2811   3.254265   3.254070    34.8945    34.8911   26.50366  -73.87126 0.0000e+00
  80.594360   6981.479   3963.582     2.2799     2.2810   3.254228   3.254030    34.8946    34.8911   26.50366  -73.87126 0.0000e+00
  80.594368   6982.479   3962.930     2.2800     2.2808   3.254190   3.253998    34.8944    34.8913   26.50366  -73.87126 0.0000e+00
  80.594383   6983.479   3962.587     2.2799     2.2806   3.254185   3.253982    34.8946    34.8913   26.50366  -73.87126 0.0000e+00
  80.594391   6984.479   3962.411     2.2797     2.2805   3.254161   3.253958    34.8946    34.8913   26.50366  -73.87126 0.0000e+00
  80.594406   6985.479   3962.158     2.2797     2.2805   3.254147   3.253936    34.8945    34.8911   26.50366  -73.87128 0.0000e+00
  80.594414   6986.479   3961.554     2.2797     2.2806   3.254126   3.253912    34.8945    34.8910   26.50366  -73.87128 0.0000e+00
  80.594429   6987.479   3960.500     2.2797     2.2807   3.254094   3.253892    34.8945    34.8910   26.50366  -73.87128 0.0000e+00
  80.594437   6988.479   3959.211     2.2797     2.2807   3.254054   3.253852    34.8946    34.8912   26.50366  -73.87128 0.0000e+00
  80.594452   6989.479   3958.020     2.2796     2.2807   3.254005   3.253808    34.8946    34.8911   26.50366  -73.87130 0.0000e+00
  80.594460   6990.479   3957.174     2.2796     2.2806   3.253969   3.253766    34.8946    34.8911   26.50366  -73.87130 0.0000e+00
  80.594475   6991.479   3956.641     2.2794     2.2804   3.253936   3.253735    34.8945    34.8911   26.50366  -73.87130 0.0000e+00
  80.594482   6992.479   3956.031     2.2794     2.2802   3.253903   3.253710    34.8944    34.8912   26.50366  -73.87130 0.0000e+00
  80.594498   6993.479   3955.151     2.2793     2.2803   3.253866   3.253673    34.8945    34.8911   26.50366  -73.87131 0.0000e+00
  80.594505   6994.479   3954.262     2.2792     2.2801   3.253832   3.253633    34.8945    34.8912   26.50366  -73.87132 0.0000e+00
  80.594521   6995.479   3953.605     2.2791     2.2800   3.253805   3.253603    34.8946    34.8912   26.50366  -73.87132 0.0000e+00
  80.594528   6996.479   3953.137     2.2791     2.2800   3.253780   3.253576    34.8945    34.8911   26.50366  -73.87132 0.0000e+00
  80.594543   6997.479   3952.558     2.2791     2.2800   3.253760   3.253560    34.8944    34.8911   26.50366  -73.87134 0.0000e+00
  80.594551   6998.479   3951.725     2.2790     2.2799   3.253721   3.253519    34.8945    34.8911   26.50366  -73.87134 0.0000e+00
  80.594566   6999.479   3950.729     2.2788     2.2796   3.253678   3.253472    34.8946    34.8913   26.50366  -73.87134 0.0000e+00
  80.594574   7000.479   3949.708     2.2786     2.2795   3.253629   3.253430    34.8946    34.8912   26.50366  -73.87134 0.0000e+00
  80.594589   7001.479   3948.793     2.2785     2.2795   3.253589   3.253390    34.8946    34.8912   26.50366  -73.87135 0.0000e+00
  80.594604   7002.479   3948.044     2.2785     2.2795   3.253547   3.253360    34.8945    34.8911   26.50366  -73.87136 0.0000e+00
  80.594612   7003.479   3947.417     2.2784     2.2794   3.253524   3.253330    34.8945    34.8911   26.50366  -73.87136 0.0000e+00
  80.594620   7004.479   3946.876     2.2784     2.2794   3.253499   3.253309    34.8945    34.8912   26.50366  -73.87136 0.0000e+00
  80.594635   7005.479   3946.410     2.2783     2.2792   3.253482   3.253277    34.8946    34.8912   26.50366  -73.87136 0.0000e+00
  80.594650   7006.479   3945.856     2.2783     2.2792   3.253458   3.253256    34.8945    34.8911   26.50366  -73.87137 0.0000e+00
  80.594658   7007.479   3944.978     2.2782     2.2791   3.253424   3.253225    34.8945    34.8912   26.50366  -73.87138 0.0000e+00
  80.594673   7008.479   3943.819     2.2781     2.2790   3.253369   3.253176    34.8945    34.8912   26.50366  -73.87138 0.0000e+00
  80.594681   7009.479   3942.670     2.2780     2.2789   3.253325   3.253123    34.8946    34.8912   26.50366  -73.87140 0.0000e+00
  80.594696   7010.479   3941.838     2.2779     2.2788   3.253285   3.253088    34.8946    34.8912   26.50366  -73.87140 0.0000e+00
  80.594704   7011.479   3941.440     2.2778     2.2787   3.253271   3.253074    34.8946    34.8913   26.50366  -73.87140 0.0000e+00
  80.594719   7012.479   3941.140     2.2777     2.2785   3.253254   3.253043    34.8946    34.8913   26.50366  -73.87140 0.0000e+00
  80.594727   7013.479   3940.427     2.2778     2.2787   3.253220   3.253014    34.8945    34.8910   26.50366  -73.87140 0.0000e+00
  80.594742   7014.479   3939.312     2.2778     2.2786   3.253191   3.252984    34.8946    34.8912   26.50366  -73.87141 0.0000e+00
  80.594749   7015.479   3938.152     2.2777     2.2787   3.253151   3.252943    34.8946    34.8911   26.50366  -73.87142 0.0000e+00
  80.594765   7016.479   3937.197     2.2776     2.2786   3.253102   3.252902    34.8946    34.8912   26.50368  -73.87142 0.0000e+00
  80.594772   7017.479   3936.567     2.2775     2.2785   3.253074   3.252884    34.8946    34.8912   26.50368  -73.87142 0.0000e+00
  80.594788   7018.479   3936.293     2.2775     2.2783   3.253055   3.252863    34.8945    34.8914   26.50368  -73.87142 0.0000e+00
  80.594795   7019.479   3936.162     2.2774     2.2782   3.253045   3.252845    34.8946    34.8913   26.50368  -73.87142 0.0000e+00
  80.594810   7020.479   3935.699     2.2774     2.2783   3.253024   3.252821    34.8945    34.8910   26.50368  -73.87144 0.0000e+00
  80.594818   7021.479   3934.624     2.2775     2.2785   3.253003   3.252800    34.8946    34.8911   26.50368  -73.87144 0.0000e+00
  80.594833   7022.479   3933.225     2.2776     2.2785   3.252966   3.252770    34.8946    34.8913   26.50368  -73.87144 0.0000e+00
  80.594841   7023.479   3931.872     2.2776     2.2784   3.252921   3.252723    34.8946    34.8913   26.50368  -73.87146 0.0000e+00
  80.594856   7024.479   3930.814     2.2776     2.2785   3.252879   3.252685    34.8946    34.8912   26.50368  -73.87146 0.0000e+00
  80.594864   7025.479   3930.231     2.2774     2.2784   3.252854   3.252660    34.8947    34.8913   26.50368  -73.87146 0.0000e+00
  80.594879   7026.479   3930.052     2.2775     2.2782   3.252852   3.252648    34.8947    34.8915   26.50368  -73.87146 0.0000e+00
  80.594887   7027.479   3929.947     2.2773     2.2781   3.252818   3.252614    34.8946    34.8912   26.50368  -73.87146 0.0000e+00
  80.594902   7028.479   3929.463     2.2772     2.2781   3.252795   3.252603    34.8945    34.8913   26.50368  -73.87147 0.0000e+00
  80.594910   7029.479   3928.469     2.2774     2.2783   3.252779   3.252573    34.8945    34.8911   26.50368  -73.87148 0.0000e+00
  80.594925   7030.479   3927.257     2.2776     2.2784   3.252772   3.252555    34.8947    34.8913   26.50370  -73.87150 0.0000e+00
  80.594933   7031.479   3926.154     2.2776     2.2786   3.252733   3.252537    34.8947    34.8913   26.50370  -73.87150 0.0000e+00
  80.594948   7032.479   3925.308     2.2776     2.2786   3.252695   3.252493    34.8947    34.8912   26.50370  -73.87150 0.0000e+00
  80.594955   7033.479   3924.694     2.2775     2.2785   3.252665   3.252465    34.8947    34.8912   26.50368  -73.87150 0.0000e+00
  80.594971   7034.479   3924.118     2.2774     2.2784   3.252640   3.252443    34.8947    34.8912   26.50368  -73.87150 0.0000e+00
  80.594986   7035.479   3923.391     2.2777     2.2788   3.252633   3.252446    34.8946    34.8912   26.50368  -73.87150 0.0000e+00
  80.594994   7036.479   3922.498     2.2785     2.2791   3.252677   3.252455    34.8946    34.8914   26.50368  -73.87150 0.0000e+00
  80.595009   7037.479   3921.613     2.2791     2.2799   3.252705   3.252507    34.8947    34.8915   26.50370  -73.87151 0.0000e+00
  80.595016   7038.479   3920.912     2.2792     2.2804   3.252696   3.252521    34.8948    34.8914   26.50370  -73.87152 0.0000e+00
  80.595032   7039.479   3920.488     2.2791     2.2803   3.252671   3.252506    34.8948    34.8915   26.50370  -73.87152 0.0000e+00
  80.595039   7040.479   3920.199     2.2791     2.2799   3.252656   3.252445    34.8947    34.8914   26.50370  -73.87152 0.0000e+00
  80.595055   7041.479   3919.644     2.2790     2.2802   3.252619   3.252449    34.8946    34.8913   26.50370  -73.87152 0.0000e+00
  80.595062   7042.479   3918.556     2.2796     2.2809   3.252649   3.252478    34.8948    34.8914   26.50370  -73.87152 0.0000e+00
  80.595078   7043.479   3917.143     2.2802     2.2815   3.252664   3.252494    34.8949    34.8915   26.50370  -73.87152 0.0000e+00
  80.595085   7044.479   3915.837     2.2809     2.2819   3.252678   3.252490    34.8949    34.8916   26.50370  -73.87154 0.0000e+00
  80.595100   7045.479   3915.103     2.2809     2.2819   3.252663   3.252478    34.8950    34.8917   26.50370  -73.87154 0.0000e+00
  80.595108   7046.479   3915.031     2.2808     2.2811   3.252646   3.252407    34.8950    34.8918   26.50370  -73.87154 0.0000e+00
  80.595123   7047.479   3915.041     2.2802     2.2807   3.252596   3.252361    34.8950    34.8917   26.50370  -73.87152 0.0000e+00
  80.595131   7048.479   3914.438     2.2800     2.2810   3.252552   3.252343    34.8949    34.8914   26.50370  -73.87154 0.0000e+00
  80.595146   7049.479   3913.227     2.2807     2.2816   3.252572   3.252368    34.8949    34.8915   26.50370  -73.87156 0.0000e+00
  80.595154   7050.479   3911.994     2.2811     2.2821   3.252566   3.252373    34.8950    34.8916   26.50370  -73.87156 0.0000e+00
  80.595169   7051.479   3911.163     2.2810     2.2823   3.252524   3.252367    34.8949    34.8917   26.50370  -73.87156 0.0000e+00
  80.595177   7052.479   3910.867     2.2809     2.2818   3.252521   3.252324    34.8951    34.8918   26.50370  -73.87156 0.0000e+00
  80.595192   7053.479   3910.750     2.2810     2.2816   3.252513   3.252297    34.8950    34.8918   26.50370  -73.87156 0.0000e+00
  80.595200   7054.479   3910.195     2.2809     2.2817   3.252488   3.252277    34.8950    34.8916   26.50370  -73.87156 0.0000e+00
  80.595215   7055.479   3908.965     2.2811     2.2820   3.252468   3.252265    34.8951    34.8916   26.50370  -73.87157 0.0000e+00
  80.595222   7056.479   3907.421     2.2813     2.2823   3.252438   3.252244    34.8951    34.8918   26.50370  -73.87158 0.0000e+00
  80.595238   7057.479   3905.959     2.2813     2.2823   3.252382   3.252180    34.8950    34.8916   26.50370  -73.87158 0.0000e+00
  80.595245   7058.479   3904.921     2.2812     2.2823   3.252341   3.252138    34.8951    34.8915   26.50370  -73.87158 0.0000e+00
  80.595261   7059.479   3904.544     2.2812     2.2819   3.252320   3.252119    34.8950    34.8919   26.50370  -73.87158 0.0000e+00
  80.595268   7060.479   3904.624     2.2811     2.2819   3.252327   3.252120    34.8952    34.8919   26.50370  -73.87158 0.0000e+00
  80.595284   7061.479   3904.757     2.2811     2.2816   3.252335   3.252109    34.8952    34.8920   26.50370  -73.87158 0.0000e+00
  80.595291   7062.479   3904.539     2.2811     2.2817   3.252304   3.252093    34.8949    34.8918   26.50372  -73.87158 0.0000e+00
  80.595306   7063.479   3903.799     2.2810     2.2819   3.252281   3.252068    34.8951    34.8916   26.50372  -73.87158 0.0000e+00
  80.595322   7064.479   3902.739     2.2810     2.2820   3.252241   3.252038    34.8950    34.8916   26.50372  -73.87158 0.0000e+00
  80.595329   7065.479   3901.615     2.2811     2.2819   3.252213   3.252005    34.8951    34.8917   26.50372  -73.87158 0.0000e+00
  80.595345   7066.479   3900.499     2.2811     2.2820   3.252178   3.251968    34.8951    34.8917   26.50372  -73.87158 0.0000e+00
  80.595352   7067.479   3899.419     2.2810     2.2820   3.252127   3.251935    34.8951    34.8918   26.50374  -73.87158 0.0000e+00
  80.595367   7068.479   3898.399     2.2810     2.2818   3.252085   3.251891    34.8951    34.8918   26.50374  -73.87158 0.0000e+00
  80.595375   7069.479   3897.464     2.2809     2.2818   3.252045   3.251849    34.8951    34.8918   26.50374  -73.87160 0.0000e+00
  80.595390   7070.479   3896.603     2.2808     2.2816   3.252001   3.251806    34.8950    34.8918   26.50374  -73.87160 0.0000e+00
  80.595398   7071.479   3895.823     2.2806     2.2816   3.251968   3.251762    34.8951    34.8916   26.50374  -73.87162 0.0000e+00
  80.595413   7072.479   3895.202     2.2806     2.2815   3.251936   3.251745    34.8950    34.8917   26.50374  -73.87162 0.0000e+00
  80.595421   7073.479   3894.891     2.2806     2.2814   3.251930   3.251728    34.8951    34.8918   26.50374  -73.87162 0.0000e+00
  80.595436   7074.479   3894.913     2.2805     2.2813   3.251923   3.251734    34.8951    34.8920   26.50374  -73.87162 0.0000e+00
  80.595444   7075.479   3895.065     2.2805     2.2813   3.251926   3.251732    34.8951    34.8919   26.50374  -73.87161 0.0000e+00
  80.595459   7076.479   3895.051     2.2805     2.2814   3.251923   3.251722    34.8950    34.8917   26.50374  -73.87160 0.0000e+00
  80.595467   7077.479   3894.543     2.2805     2.2815   3.251916   3.251711    34.8951    34.8916   26.50374  -73.87160 0.0000e+00
  80.595482   7078.479   3893.347     2.2806     2.2816   3.251883   3.251679    34.8951    34.8916   26.50374  -73.87160 0.0000e+00
  80.595490   7079.479   3891.663     2.2807     2.2817   3.251825   3.251644    34.8950    34.8918   26.50374  -73.87160 0.0000e+00
  80.595505   7080.479   3889.828     2.2809     2.2818   3.251783   3.251581    34.8951    34.8917   26.50374  -73.87162 0.0000e+00
  80.595512   7081.479   3888.276     2.2809     2.2819   3.251728   3.251547    34.8951    34.8918   26.50374  -73.87162 0.0000e+00
  80.595528   7082.479   3887.431     2.2809     2.2816   3.251708   3.251503    34.8952    34.8920   26.50374  -73.87162 0.0000e+00
  80.595535   7083.479   3887.401     2.2807     2.2813   3.251701   3.251483    34.8954    34.8921   26.50374  -73.87161 0.0000e+00
  80.595551   7084.479   3887.661     2.2809     2.2815   3.251728   3.251511    34.8953    34.8921   26.50372  -73.87160 0.0000e+00
  80.595558   7085.479   3887.654     2.2811     2.2818   3.251723   3.251523    34.8951    34.8919   26.50372  -73.87160 0.0000e+00
  80.595573   7086.479   3887.082     2.2810     2.2820   3.251700   3.251500    34.8951    34.8917   26.50372  -73.87160 0.0000e+00
  80.595581   7087.479   3886.097     2.2807     2.2818   3.251645   3.251446    34.8952    34.8916   26.50372  -73.87162 0.0000e+00
  80.595596   7088.479   3885.101     2.2808     2.2815   3.251612   3.251395    34.8951    34.8918   26.50374  -73.87162 0.0000e+00
  80.595604   7089.479   3884.267     2.2808     2.2818   3.251590   3.251400    34.8952    34.8919   26.50374  -73.87162 0.0000e+00
  80.595619   7090.479   3883.637     2.2807     2.2819   3.251554   3.251373    34.8951    34.8917   26.50374  -73.87161 0.0000e+00
  80.595627   7091.479   3883.133     2.2804     2.2813   3.251513   3.251312    34.8952    34.8918   26.50374  -73.87160 0.0000e+00
  80.595642   7092.479   3882.503     2.2806     2.2817   3.251499   3.251315    34.8951    34.8917   26.50374  -73.87160 0.0000e+00
  80.595657   7093.479   3881.575     2.2809     2.2818   3.251501   3.251303    34.8952    34.8918   26.50374  -73.87160 0.0000e+00
  80.595665   7094.479   3880.433     2.2811     2.2823   3.251481   3.251308    34.8952    34.8919   26.50374  -73.87162 0.0000e+00
  80.595680   7095.479   3879.273     2.2813     2.2825   3.251464   3.251291    34.8953    34.8919   26.50374  -73.87162 0.0000e+00
  80.595688   7096.479   3878.347     2.2814     2.2827   3.251446   3.251287    34.8953    34.8920   26.50374  -73.87162 0.0000e+00
