data/raw_ctdtime/AB1403_time_019.cnv
* Sea-Bird SBE 9 Data File:
* FileName = C:\CTD\2014Data\03 - 2014 March\AE1404\data\ab1403_019.hex
* Software Version Seasave V 7.22.5
* Temperature SN = 5898
* Conductivity SN = 3861
* Number of Bytes Per Scan = 41
* Number of Voltage Words = 4
* Number of Scans Averaged by the Deck Unit = 1
* NMEA Latitude = 26 29.90 N
* NMEA Longitude = 073 52.03 W
* NMEA UTC (Time) = Mar 21 2014  12:19:31
* NMEA baud rate = 4800
# nquan = 12
# nvalues = 13363                       
# units = specified
# name 0 = timeJ: Julian Days
# name 1 = timeS: Time, Elapsed [seconds]
# name 2 = prDM: Pressure, Digiquartz [db]
# name 3 = t090C: Temperature [ITS-90, deg C]
# name 4 = t190C: Temperature, 2 [ITS-90, deg C]
# name 5 = c0S/m: Conductivity [S/m]
# name 6 = c1S/m: Conductivity, 2 [S/m]
# name 7 = sal00: Salinity, Practical [PSU]
# name 8 = sal11: Salinity, Practical, 2 [PSU]
# name 9 = latitude: Latitude [deg]
# name 10 = longitude: Longitude [deg]
# name 11 = flag:
# span 0 =  80.513557,  80.668205       
# span 1 =      0.479,  13362.083       
# span 2 =      0.376,   4806.980       
# span 3 =     2.1480,    25.1050       
# span 4 =     2.1493,    25.1065       
# span 5 =   3.248335,   5.542021       
# span 6 =   3.248140,   5.541905       
# span 7 =    34.8714,    36.7367       
# span 8 =    33.9862,    36.7337       
# span 9 =   26.49835,   26.51260       
# span 10 =  -73.87550,  -73.86666      
# span 11 = 0.0000e+00, 0.0000e+00      
# interval = seconds: 1                 
# start_time = Mar 21 2014 12:19:31 [NMEA time, header]
# bad_flag = -9.990e-29
*END*
[from data line 1204]
  80.527496   1204.479    764.228    13.2087    13.2105   4.226741   4.226525    35.7316    35.7276   26.50156  -73.86672 0.0000e+00
  80.527504   1205.479    764.726    13.2004    13.2043   4.225833   4.225871    35.7297    35.7265   26.50156  -73.86672 0.0000e+00
  80.527519   1206.479    765.002    13.2737    13.2649   4.234286   4.232845    35.7397    35.7348   26.50156  -73.86672 0.0000e+00
  80.527527   1207.479    765.286    13.3897    13.3287   4.247244   4.239969    35.7483    35.7376   26.50156  -73.86672 0.0000e+00
  80.527542   1208.479    765.764    13.3367    13.2793   4.241748   4.234686    35.7472    35.7353   26.50156  -73.86672 0.0000e+00
  80.527550   1209.479    766.568    13.1861    13.1690   4.223970   4.221928    35.7221    35.7182   26.50158  -73.86672 0.0000e+00
  80.527565   1210.479    767.555    13.1427    13.1439   4.219455   4.219157    35.7208    35.7163   26.50156  -73.86672 0.0000e+00
  80.527573   1211.479    768.640    13.1264    13.1280   4.217548   4.217350    35.7170    35.7131   26.50156  -73.86672 0.0000e+00
  80.527588   1212.479    770.084    13.0721    13.0724   4.211175   4.210926    35.7072    35.7038   26.50156  -73.86674 0.0000e+00
  80.527596   1213.479    772.006    13.0015    13.0022   4.203176   4.202943    35.6975    35.6939   26.50156  -73.86674 0.0000e+00
  80.527611   1214.479    774.025    12.9376    12.9385   4.195891   4.195718    35.6877    35.6845   26.50158  -73.86674 0.0000e+00
  80.527618   1215.479    775.503    12.8757    12.8770   4.189188   4.188949    35.6820    35.6781   26.50156  -73.86674 0.0000e+00
  80.527634   1216.479    776.151    12.8602    12.8725   4.187568   4.188528    35.6804    35.6782   26.50158  -73.86674 0.0000e+00
  80.527641   1217.479    776.526    12.9252    12.9382   4.194904   4.196247    35.6870    35.6873   26.50158  -73.86674 0.0000e+00
  80.527657   1218.479    777.004    12.9410    12.9560   4.196846   4.197688    35.6890    35.6821   26.50158  -73.86674 0.0000e+00
  80.527664   1219.479    777.405    12.9702    12.9505   4.200207   4.197646    35.6925    35.6878   26.50158  -73.86674 0.0000e+00
  80.527679   1220.479    777.841    12.8754    12.9821   4.189026   4.200256    35.6752    35.6788   26.50158  -73.86674 0.0000e+00
  80.527695   1221.479    778.574    12.7989    12.8026   4.180811   4.180772    35.6706    35.6661   26.50158  -73.86674 0.0000e+00
  80.527702   1222.479    779.702    12.7872    12.7889   4.179506   4.179292    35.6683    35.6648   26.50158  -73.86674 0.0000e+00
  80.527710   1223.479    781.212    12.7790    12.7802   4.178606   4.178324    35.6661    35.6625   26.50158  -73.86674 0.0000e+00
  80.527725   1224.479    782.935    12.7574    12.7584   4.176126   4.175867    35.6618    35.6583   26.50158  -73.86676 0.0000e+00
  80.527740   1225.479    784.542    12.7200    12.7194   4.172014   4.171565    35.6573    35.6536   26.50158  -73.86676 0.0000e+00
  80.527748   1226.479    785.692    12.7053    12.7067   4.170509   4.170249    35.6560    35.6523   26.50158  -73.86676 0.0000e+00
  80.527763   1227.479    786.263    12.7053    12.7081   4.170571   4.170412    35.6557    35.6517   26.50158  -73.86676 0.0000e+00
  80.527771   1228.479    786.690    12.7250    12.7106   4.172838   4.170815    35.6579    35.6523   26.50160  -73.86676 0.0000e+00
  80.527786   1229.479    787.473    12.7088    12.6945   4.170765   4.168974    35.6524    35.6493   26.50160  -73.86676 0.0000e+00
  80.527794   1230.479    788.527    12.6802    12.6817   4.167783   4.167552    35.6509    35.6471   26.50160  -73.86676 0.0000e+00
  80.527809   1231.479    789.719    12.6605    12.6613   4.165512   4.165234    35.6471    35.6435   26.50160  -73.86676 0.0000e+00
  80.527817   1232.479    791.031    12.6263    12.6274   4.161755   4.161521    35.6431    35.6396   26.50160  -73.86676 0.0000e+00
  80.527832   1233.479    792.220    12.6099    12.6112   4.160065   4.159810    35.6418    35.6381   26.50160  -73.86676 0.0000e+00
  80.527840   1234.479    792.917    12.6052    12.6070   4.159613   4.159400    35.6412    35.6375   26.50160  -73.86676 0.0000e+00
  80.527855   1235.479    793.246    12.6210    12.6204   4.161388   4.160973    35.6426    35.6394   26.50160  -73.86676 0.0000e+00
  80.527863   1236.479    794.039    12.6126    12.6035   4.160254   4.158977    35.6388    35.6350   26.50160  -73.86676 0.0000e+00
  80.527878   1237.479    795.488    12.5682    12.5693   4.155427   4.155190    35.6345    35.6310   26.50162  -73.86676 0.0000e+00
  80.527885   1238.479    797.134    12.5254    12.5265   4.150594   4.150400    35.6283    35.6250   26.50162  -73.86676 0.0000e+00
  80.527901   1239.479    798.420    12.5028    12.5043   4.148184   4.147989    35.6260    35.6225   26.50162  -73.86676 0.0000e+00
  80.527908   1240.479    798.948    12.4867    12.4923   4.146467   4.146676    35.6245    35.6214   26.50162  -73.86676 0.0000e+00
  80.527924   1241.479    799.169    12.5413    12.5252   4.152570   4.150295    35.6301    35.6236   26.50162  -73.86677 0.0000e+00
  80.527931   1242.479    799.923    12.5109    12.5013   4.148531   4.147295    35.6186    35.6150   26.50162  -73.86678 0.0000e+00
  80.527946   1243.479    801.192    12.2928    12.2915   4.124417   4.124071    35.5969    35.5940   26.50162  -73.86678 0.0000e+00
  80.527954   1244.479    802.672    12.2151    12.2147   4.115829   4.115493    35.5879    35.5844   26.50162  -73.86678 0.0000e+00
  80.527969   1245.479    804.241    12.1338    12.1349   4.106985   4.106723    35.5796    35.5757   26.50162  -73.86678 0.0000e+00
  80.527977   1246.479    805.650    12.1162    12.1179   4.105104   4.104867    35.5767    35.5727   26.50162  -73.86678 0.0000e+00
  80.527992   1247.479    806.532    12.1088    12.1103   4.104354   4.104082    35.5752    35.5710   26.50162  -73.86676 0.0000e+00
  80.528000   1248.479    806.795    12.1207    12.1355   4.105845   4.106841    35.5774    35.5734   26.50162  -73.86677 0.0000e+00
  80.528015   1249.479    807.047    12.1886    12.1801   4.113040   4.111837    35.5796    35.5758   26.50164  -73.86678 0.0000e+00
  80.528030   1250.479    807.822    12.1428    12.1586   4.108001   4.109715    35.5743    35.5752   26.50164  -73.86678 0.0000e+00
  80.528038   1251.479    808.956    12.0688    12.0679   4.099850   4.099478    35.5659    35.5628   26.50164  -73.86678 0.0000e+00
  80.528046   1252.479    810.366    11.9763    11.9758   4.089403   4.089088    35.5527    35.5496   26.50164  -73.86678 0.0000e+00
  80.528061   1253.479    812.044    11.8977    11.8987   4.080769   4.080557    35.5437    35.5403   26.50164  -73.86678 0.0000e+00
  80.528076   1254.479    813.699    11.8361    11.8366   4.074006   4.073708    35.5360    35.5322   26.50164  -73.86678 0.0000e+00
  80.528084   1255.479    814.778    11.7957    11.7972   4.069734   4.069472    35.5323    35.5282   26.50164  -73.86678 0.0000e+00
  80.528099   1256.479    814.926    11.8336    11.8484   4.073970   4.074952    35.5362    35.5321   26.50164  -73.86678 0.0000e+00
  80.528107   1257.479    814.734    11.9471    11.9574   4.086637   4.087142    35.5481    35.5435   26.50164  -73.86678 0.0000e+00
  80.528122   1258.479    815.101    11.9773    11.9651   4.090089   4.088587    35.5513    35.5488   26.50164  -73.86680 0.0000e+00
  80.528130   1259.479    816.444    11.8441    11.8137   4.074424   4.071053    35.5261    35.5212   26.50166  -73.86680 0.0000e+00
  80.528145   1260.479    818.299    11.6954    11.6961   4.058614   4.058317    35.5164    35.5124   26.50166  -73.86680 0.0000e+00
  80.528152   1261.479    820.257    11.6558    11.6566   4.054307   4.054006    35.5111    35.5071   26.50166  -73.86680 0.0000e+00
  80.528168   1262.479    821.887    11.6262    11.6274   4.051049   4.050804    35.5063    35.5025   26.50166  -73.86678 0.0000e+00
  80.528175   1263.479    822.833    11.5966    11.5991   4.047858   4.047720    35.5026    35.4986   26.50166  -73.86678 0.0000e+00
  80.528191   1264.479    823.184    11.6418    11.6165   4.053046   4.049636    35.5090    35.5003   26.50166  -73.86678 0.0000e+00
  80.528198   1265.479    823.425    11.6698    11.6530   4.056012   4.053611    35.5091    35.5022   26.50166  -73.86680 0.0000e+00
  80.528214   1266.479    823.908    11.6974    11.6502   4.059062   4.053410    35.5113    35.5017   26.50166  -73.86680 0.0000e+00
  80.528221   1267.479    824.761    11.5933    11.5635   4.047313   4.043789    35.4963    35.4901   26.50168  -73.86680 0.0000e+00
  80.528236   1268.479    825.957    11.5100    11.5109   4.038375   4.038101    35.4894    35.4851   26.50166  -73.86680 0.0000e+00
  80.528244   1269.479    827.334    11.4817    11.4832   4.035379   4.035155    35.4863    35.4822   26.50168  -73.86680 0.0000e+00
  80.528259   1270.479    828.561    11.4580    11.4591   4.032841   4.032558    35.4832    35.4790   26.50168  -73.86680 0.0000e+00
  80.528267   1271.479    829.348    11.4475    11.4486   4.031743   4.031449    35.4816    35.4773   26.50168  -73.86680 0.0000e+00
  80.528282   1272.479    829.966    11.4432    11.4452   4.031309   4.031110    35.4806    35.4765   26.50168  -73.86680 0.0000e+00
  80.528290   1273.479    831.076    11.4373    11.4387   4.030675   4.030451    35.4789    35.4750   26.50168  -73.86680 0.0000e+00
  80.528305   1274.479    832.705    11.4206    11.4222   4.028882   4.028686    35.4762    35.4725   26.50168  -73.86680 0.0000e+00
  80.528313   1275.479    834.415    11.3995    11.4008   4.026590   4.026380    35.4730    35.4693   26.50168  -73.86680 0.0000e+00
  80.528328   1276.479    835.506    11.3643    11.3643   4.022849   4.022456    35.4695    35.4655   26.50168  -73.86680 0.0000e+00
  80.528336   1277.479    835.726    11.3842    11.3780   4.024979   4.023921    35.4707    35.4664   26.50168  -73.86680 0.0000e+00
  80.528351   1278.479    835.884    11.4189    11.4185   4.028957   4.028387    35.4753    35.4702   26.50168  -73.86680 0.0000e+00
  80.528358   1279.479    836.615    11.4020    11.3909   4.026804   4.025299    35.4695    35.4647   26.50170  -73.86680 0.0000e+00
  80.528374   1280.479    837.779    11.3083    11.3073   4.016597   4.016232    35.4598    35.4570   26.50170  -73.86680 0.0000e+00
  80.528381   1281.479    839.098    11.2709    11.2719   4.012618   4.012351    35.4563    35.4523   26.50170  -73.86680 0.0000e+00
  80.528397   1282.479    840.303    11.2581    11.2597   4.011299   4.011083    35.4548    35.4510   26.50170  -73.86680 0.0000e+00
  80.528412   1283.479    841.237    11.2526    11.2541   4.010749   4.010519    35.4538    35.4500   26.50170  -73.86680 0.0000e+00
  80.528419   1284.479    842.077    11.2480    11.2480   4.010278   4.009873    35.4526    35.4485   26.50170  -73.86680 0.0000e+00
  80.528435   1285.479    842.996    11.2412    11.2428   4.009586   4.009367    35.4517    35.4479   26.50170  -73.86680 0.0000e+00
  80.528442   1286.479    843.972    11.2382    11.2371   4.009304   4.008791    35.4509    35.4469   26.50170  -73.86681 0.0000e+00
  80.528458   1287.479    845.098    11.2224    11.2238   4.007560   4.007351    35.4483    35.4446   26.50170  -73.86682 0.0000e+00
  80.528465   1288.479    846.431    11.2021    11.2033   4.005328   4.005110    35.4450    35.4415   26.50170  -73.86681 0.0000e+00
  80.528481   1289.479    847.743    11.1784    11.1797   4.002840   4.002608    35.4429    35.4392   26.50170  -73.86680 0.0000e+00
  80.528488   1290.479    848.618    11.1609    11.1647   4.000925   4.000970    35.4402    35.4368   26.50172  -73.86680 0.0000e+00
  80.528503   1291.479    848.948    11.1616    11.1777   4.001189   4.002213    35.4418    35.4364   26.50172  -73.86681 0.0000e+00
  80.528511   1292.479    849.446    11.1797    11.1772   4.002863   4.002254    35.4396    35.4356   26.50172  -73.86682 0.0000e+00
  80.528526   1293.479    850.664    11.1163    11.1164   3.995999   3.995719    35.4330    35.4301   26.50172  -73.86682 0.0000e+00
  80.528534   1294.479    852.265    11.0838    11.0848   3.992548   3.992292    35.4297    35.4261   26.50172  -73.86681 0.0000e+00
  80.528549   1295.479    853.758    11.0646    11.0658   3.990505   3.990253    35.4272    35.4234   26.50172  -73.86680 0.0000e+00
  80.528557   1296.479    854.543    11.0520    11.0535   3.989167   3.988943    35.4255    35.4218   26.50172  -73.86680 0.0000e+00
  80.528572   1297.479    854.580    11.0848    11.0833   3.992789   3.992230    35.4292    35.4254   26.50172  -73.86681 0.0000e+00
  80.528580   1298.479    854.835    11.1042    11.1064   3.994779   3.994764    35.4290    35.4266   26.50174  -73.86682 0.0000e+00
  80.528595   1299.479    855.911    11.0591    11.0581   3.989806   3.989446    35.4230    35.4200   26.50174  -73.86682 0.0000e+00
  80.528603   1300.479    857.437    11.0208    11.0223   3.985902   3.985701    35.4211    35.4176   26.50174  -73.86682 0.0000e+00
  80.528618   1301.479    859.046    10.9927    10.9938   3.982793   3.982559    35.4167    35.4132   26.50174  -73.86682 0.0000e+00
  80.528625   1302.479    860.451    10.9516    10.9517   3.978251   3.977928    35.4107    35.4071   26.50174  -73.86682 0.0000e+00
  80.528641   1303.479    861.454    10.9048    10.9054   3.973282   3.972981    35.4065    35.4027   26.50174  -73.86682 0.0000e+00
  80.528648   1304.479    862.284    10.8798    10.8811   3.970643   3.970408    35.4039    35.4002   26.50174  -73.86682 0.0000e+00
  80.528664   1305.479    863.254    10.8712    10.8729   3.969760   3.969557    35.4026    35.3989   26.50174  -73.86682 0.0000e+00
  80.528671   1306.479    864.210    10.8667    10.8686   3.969304   3.969115    35.4015    35.3978   26.50174  -73.86682 0.0000e+00
  80.528687   1307.479    864.920    10.8612    10.8630   3.968752   3.968561    35.4006    35.3969   26.50174  -73.86682 0.0000e+00
  80.528694   1308.479    865.516    10.8567    10.8585   3.968298   3.968097    35.3997    35.3960   26.50176  -73.86682 0.0000e+00
  80.528709   1309.479    866.359    10.8512    10.8529   3.967731   3.967531    35.3988    35.3951   26.50174  -73.86682 0.0000e+00
  80.528717   1310.479    867.376    10.8460    10.8478   3.967222   3.967028    35.3981    35.3943   26.50176  -73.86682 0.0000e+00
  80.528732   1311.479    868.255    10.8388    10.8404   3.966451   3.966252    35.3966    35.3930   26.50176  -73.86682 0.0000e+00
  80.528748   1312.479    869.019    10.8287    10.8309   3.965422   3.965267    35.3957    35.3920   26.50176  -73.86682 0.0000e+00
  80.528755   1313.479    870.045    10.8214    10.8229   3.964627   3.964423    35.3941    35.3905   26.50176  -73.86682 0.0000e+00
  80.528770   1314.479    871.481    10.7644    10.7639   3.958207   3.957940    35.3847    35.3819   26.50176  -73.86684 0.0000e+00
  80.528778   1315.479    873.172    10.6998    10.7004   3.951611   3.951292    35.3819    35.3780   26.50176  -73.86682 0.0000e+00
  80.528793   1316.479    874.761    10.6910    10.6920   3.950726   3.950439    35.3805    35.3766   26.50176  -73.86682 0.0000e+00
  80.528801   1317.479    875.800    10.6744    10.6757   3.948943   3.948712    35.3778    35.3742   26.50176  -73.86682 0.0000e+00
  80.528816   1318.479    876.144    10.6770    10.6891   3.949270   3.950086    35.3783    35.3749   26.50176  -73.86682 0.0000e+00
  80.528824   1319.479    876.261    10.7285    10.7256   3.954764   3.954091    35.3818    35.3782   26.50176  -73.86682 0.0000e+00
  80.528839   1320.479    876.768    10.7125    10.7290   3.953066   3.954444    35.3797    35.3771   26.50178  -73.86684 0.0000e+00
  80.528847   1321.479    877.841    10.6505    10.6472   3.946288   3.945653    35.3721    35.3684   26.50178  -73.86684 0.0000e+00
  80.528862   1322.479    879.202    10.6040    10.6043   3.941426   3.941103    35.3685    35.3649   26.50178  -73.86684 0.0000e+00
