data/raw_ctdtime/AB1502_time_018.cnv
* Sea-Bird SBE 9 Data File:
* FileName = D:\ctd\raw\ab1502_018.hex
* Software Version Seasave V 7.23.2
* Temperature SN = 2958
* Conductivity SN = 3860
* Number of Bytes Per Scan = 41
* Number of Voltage Words = 4
* Number of Scans Averaged by the Deck Unit = 1
* NMEA Latitude = 26 29.86 N
* NMEA Longitude = 075 42.05 W
* NMEA UTC (Time) = Feb 21 2015 03:01:04
# nquan = 21
# nvalues = 10897                       
# units = specified
# name 0 = timeS: Time, Elapsed [seconds]
# name 1 = prDM: Pressure, Digiquartz [db]
# name 2 = t090C: Temperature [ITS-90, deg C]
# name 3 = t190C: Temperature, 2 [ITS-90, deg C]
# name 4 = c0S/m: Conductivity [S/m]
# name 5 = c1S/m: Conductivity, 2 [S/m]
# name 6 = sbeox0V: Oxygen raw, SBE 43 [V]
# name 7 = sbeox1V: Oxygen raw, SBE 43, 2 [V]
# name 8 = sigma-é00: Density [sigma-theta, kg/m^3]
# name 9 = sigma-é11: Density, 2 [sigma-theta, kg/m^3]
# name 10 = potemp090C: Potential Temperature [ITS-90, deg C]
# name 11 = potemp190C: Potential Temperature, 2 [ITS-90, deg C]
# name 12 = svCM: Sound Velocity [Chen-Millero, m/s]
# name 13 = svCM1: Sound Velocity, 2 [Chen-Millero, m/s]
# name 14 = sbeox0ML/L: Oxygen, SBE 43 [ml/l]
# name 15 = sbeox0Mm/Kg: Oxygen, SBE 43 [umol/kg]
# name 16 = sbeox1ML/L: Oxygen, SBE 43, 2 [ml/l]
# name 17 = sbeox1Mm/Kg: Oxygen, SBE 43, 2 [umol/kg]
# name 18 = sal00: Salinity, Practical [PSU]
# name 19 = sal11: Salinity, Practical, 2 [PSU]
# name 20 = flag:
# span 0 =    168.188,  11063.875       
# span 1 =      0.294,   4765.623       
# span 2 =     2.1844,    23.5949       
# span 3 =     2.1831,    23.5947       
# span 4 =   0.007916,   5.384004       
# span 5 =   0.033397,   5.384089       
# span 6 =     1.3306,     2.7406       
# span 7 =     1.4755,     2.8400       
# span 8 =    -1.9110,    27.8908       
# span 9 =    -1.7286,    27.8917       
# span 10 =     1.7550,    23.5900      
# span 11 =     1.7537,    23.5894      
# span 12 =    1479.84,    1539.20      
# span 13 =    1478.76,    1539.20      
# span 14 =     2.9633,     6.6996      
# span 15 =    128.842,    299.681      
# span 16 =     2.9184,     5.8716      
# span 17 =    126.886,    262.547      
# span 18 =     0.0457,    36.7432      
# span 19 =     0.1805,    36.7447      
# span 20 = 0.0000e+00, 0.0000e+00      
# interval = seconds: 1                 
# start_time = Feb 21 2015 03:01:04 [NMEA time, header]
# bad_flag = -9.990e-29
*END*
[from data line 10345]
  10513.188    176.373    20.5305    20.5322   5.062912   5.063608     2.1857     2.4288    25.9278    25.9305    20.4969    20.4987    1527.77    1527.78     4.0344    175.621     3.9684    172.748    36.7026    36.7068 0.0000e+00
  10514.188    175.590    20.5385    20.5335   5.063345   5.063572     2.1903     2.4335    25.9232    25.9293    20.5051    20.5001    1527.78    1527.77     4.0474    176.188     3.9789    173.205    36.6995    36.7056 0.0000e+00
  10515.188    174.849    20.5428    20.5389   5.062950   5.063715     2.1955     2.4383    25.9169    25.9253    20.5095    20.5057    1527.77    1527.77     4.0612    176.791     3.9887    173.633    36.6928    36.7024 0.0000e+00
  10516.188    173.806    20.5456    20.5463   5.061855   5.062589     2.2012     2.4434    25.9077    25.9117    20.5126    20.5132    1527.75    1527.76     4.0769    177.477     4.0008    174.161    36.6818    36.6872 0.0000e+00
  10517.188    172.495    20.5479    20.5476   5.060163   5.061133     2.2078     2.4497    25.8953    25.9017    20.5151    20.5148    1527.71    1527.72     4.0947    178.255     4.0189    174.953    36.6665    36.6747 0.0000e+00
  10518.188    171.122    20.5479    20.5498   5.059519   5.060730     2.2150     2.4578    25.8916    25.8974    20.5154    20.5172    1527.69    1527.70     4.1138    179.087     4.0391    175.832    36.6617    36.6700 0.0000e+00
  10519.188    170.041    20.5529    20.5533   5.059645   5.060038     2.2229     2.4663    25.8880    25.8901    20.5206    20.5209    1527.68    1527.68     4.1330    179.921     4.0568    176.603    36.6588    36.6617 0.0000e+00
  10520.188    169.560    20.5599    20.5568   5.060221   5.060097     2.2305     2.4749    25.8852    25.8873    20.5277    20.5246    1527.69    1527.68     4.1470    180.534     4.0743    177.369    36.6576    36.6593 0.0000e+00
  10521.188    169.320    20.5679    20.5666   5.060728   5.060660     2.2365     2.4834    25.8810    25.8818    20.5357    20.5344    1527.70    1527.70     4.1566    180.952     4.0893    178.019    36.6550    36.6556 0.0000e+00
  10522.188    168.898    20.5708    20.5668   5.060991   5.060687     2.2415     2.4908    25.8800    25.8819    20.5387    20.5347    1527.70    1527.69     4.1654    181.332     4.1004    178.504    36.6547    36.6558 0.0000e+00
  10523.188    168.141    20.5714    20.5669   5.060966   5.060590     2.2456     2.4971    25.8795    25.8813    20.5394    20.5349    1527.69    1527.68     4.1729    181.662     4.1091    178.881    36.6543    36.6551 0.0000e+00
  10524.188    167.504    20.5724    20.5714   5.061031   5.060919     2.2493     2.5020    25.8791    25.8793    20.5405    20.5395    1527.68    1527.68     4.1797    181.956     4.1131    179.059    36.6542    36.6542 0.0000e+00
  10525.188    167.199    20.5744    20.5698   5.061152   5.060861     2.2524     2.5053    25.8781    25.8805    20.5426    20.5380    1527.68    1527.67     4.1846    182.169     4.1158    179.176    36.6536    36.6551 0.0000e+00
  10526.188    166.769    20.5748    20.5749   5.061116   5.061182     2.2547     2.5077    25.8775    25.8779    20.5431    20.5432    1527.68    1527.68     4.1878    182.308     4.1184    179.287    36.6531    36.6535 0.0000e+00
  10527.188    166.038    20.5812    20.5766   5.061665   5.061197     2.2564     2.5099    25.8752    25.8765    20.5496    20.5450    1527.68    1527.67     4.1892    182.369     4.1226    179.472    36.6523    36.6524 0.0000e+00
  10528.188    165.424    20.6014    20.5875   5.063862   5.062150     2.2575     2.5123    25.8702    25.8725    20.5699    20.5560    1527.73    1527.69     4.1887    182.351     4.1265    179.644    36.6529    36.6511 0.0000e+00
  10529.188    165.227    20.6409    20.5987   5.068197   5.063434     2.2585     2.5145    25.8604    25.8701    20.6094    20.5672    1527.83    1527.72     4.1876    182.303     4.1296    179.776    36.6542    36.6519 0.0000e+00
  10530.188    165.582    20.6536    20.6886   5.069574   5.072695     2.2596     2.5165    25.8571    25.8439    20.6220    20.6569    1527.87    1527.96     4.1903    182.423     4.1264    179.644    36.6543    36.6495 0.0000e+00
  10531.188    165.932    20.7150    20.7298   5.076460   5.078527     2.2610     2.5181    25.8427    25.8417    20.6833    20.6980    1528.05    1528.09     4.1905    182.433     4.1250    179.583    36.6572    36.6612 0.0000e+00
  10532.188    165.898    20.7273    20.7192   5.078074   5.077117     2.2630     2.5192    25.8412    25.8428    20.6956    20.6875    1528.08    1528.06     4.1958    182.666     4.1272    179.679    36.6597    36.6589 0.0000e+00
  10533.188    165.398    20.7311    20.7095   5.078210   5.075788     2.2654     2.5203    25.8387    25.8437    20.6994    20.6779    1528.08    1528.02     4.2012    182.901     4.1304    179.818    36.6577    36.6566 0.0000e+00
  10534.188    164.919    20.7312    20.7138   5.077774   5.075572     2.2674     2.5216    25.8360    25.8385    20.6996    20.6823    1528.07    1528.02     4.2040    183.024     4.1340    179.975    36.6543    36.6514 0.0000e+00
  10535.188    164.971    20.7341    20.7232   5.078214   5.076796     2.2687     2.5235    25.8360    25.8373    20.7025    20.6917    1528.08    1528.05     4.2044    183.040     4.1390    180.193    36.6553    36.6532 0.0000e+00
  10536.188    165.491    20.7384    20.7415   5.078619   5.078817     2.2693     2.5257    25.8344    25.8327    20.7067    20.7098    1528.10    1528.11     4.2046    183.047     4.1427    180.353    36.6547    36.6536 0.0000e+00
  10537.188    166.035    20.7399    20.7386   5.078945   5.079234     2.2697     2.5277    25.8349    25.8379    20.7081    20.7068    1528.12    1528.12     4.2050    183.066     4.1452    180.460    36.6559    36.6593 0.0000e+00
  10538.188    166.285    20.7295    20.7235   5.078425   5.077578     2.2698     2.5287    25.8413    25.8416    20.6977    20.6917    1528.10    1528.08     4.2056    183.091     4.1441    180.413    36.6605    36.6588 0.0000e+00
  10539.188    166.204    20.7279    20.7340   5.078152   5.078536     2.2699     2.5282    25.8411    25.8378    20.6961    20.7022    1528.09    1528.10     4.2052    183.073     4.1394    180.207    36.6597    36.6576 0.0000e+00
  10540.188    165.817    20.7368    20.7373   5.078931   5.078534     2.2696     2.5275    25.8377    25.8348    20.7051    20.7056    1528.11    1528.10     4.2025    182.955     4.1376    180.131    36.6585    36.6548 0.0000e+00
  10541.188    165.444    20.7369    20.7402   5.078709   5.078442     2.2690     2.5270    25.8363    25.8316    20.7053    20.7085    1528.10    1528.10     4.2000    182.850     4.1381    180.155    36.6567    36.6518 0.0000e+00
  10542.188    165.417    20.7323    20.7409   5.078277   5.078499     2.2683     2.5274    25.8379    25.8313    20.7007    20.7093    1528.09    1528.10     4.1999    182.844     4.1416    180.304    36.6572    36.6516 0.0000e+00
  10543.188    165.571    20.7395    20.7380   5.078730   5.078537     2.2684     2.5284    25.8340    25.8342    20.7078    20.7063    1528.11    1528.10     4.2024    182.951     4.1450    180.453    36.6546    36.6544 0.0000e+00
  10544.188    165.843    20.7405    20.7384   5.078777   5.078607     2.2692     2.5294    25.8333    25.8342    20.7088    20.7067    1528.11    1528.11     4.2053    183.079     4.1451    180.458    36.6540    36.6544 0.0000e+00
  10545.188    166.223    20.7394    20.7373   5.078768   5.078993     2.2699     2.5293    25.8342    25.8376    20.7076    20.7055    1528.12    1528.11     4.2075    183.174     4.1416    180.307    36.6548    36.6584 0.0000e+00
  10546.188    166.430    20.7364    20.7319   5.079059   5.078622     2.2708     2.5282    25.8388    25.8402    20.7045    20.7001    1528.12    1528.11     4.2107    183.311     4.1373    180.116    36.6597    36.6600 0.0000e+00
  10547.188    166.186    20.7358    20.7381   5.078981   5.078823     2.2720     2.5267    25.8388    25.8358    20.7040    20.7063    1528.11    1528.11     4.2127    183.401     4.1325    179.911    36.6596    36.6564 0.0000e+00
  10548.188    165.707    20.7386    20.7414   5.078819   5.078641     2.2724     2.5250    25.8354    25.8317    20.7069    20.7097    1528.11    1528.11     4.2104    183.303     4.1292    179.768    36.6561    36.6522 0.0000e+00
  10549.188    165.525    20.7362    20.7415   5.078521   5.078678     2.2719     2.5237    25.8358    25.8318    20.7045    20.7098    1528.10    1528.11     4.2076    183.179     4.1277    179.699    36.6558    36.6525 0.0000e+00
  10550.188    165.757    20.7384    20.7388   5.078672   5.078637     2.2714     2.5229    25.8346    25.8341    20.7067    20.7071    1528.11    1528.11     4.2072    183.161     4.1287    179.746    36.6550    36.6544 0.0000e+00
  10551.188    166.252    20.7369    20.7381   5.078740   5.079105     2.2712     2.5229    25.8364    25.8375    20.7051    20.7062    1528.11    1528.12     4.2077    183.185     4.1306    179.826    36.6567    36.6587 0.0000e+00
  10552.188    166.634    20.7342    20.7202   5.078681   5.077425     2.2710     2.5230    25.8384    25.8436    20.7023    20.6883    1528.11    1528.08     4.2069    183.149     4.1319    179.882    36.6584    36.6603 0.0000e+00
  10553.188    166.604    20.7207    20.7292   5.077393   5.077989     2.2706     2.5228    25.8430    25.8388    20.6889    20.6973    1528.08    1528.10     4.2062    183.118     4.1307    179.832    36.6596    36.6571 0.0000e+00
  10554.188    166.418    20.7209    20.7308   5.077387   5.078229     2.2699     2.5231    25.8428    25.8389    20.6891    20.6989    1528.07    1528.10     4.2035    182.998     4.1336    179.958    36.6595    36.6578 0.0000e+00
  10555.188    166.325    20.7299    20.7328   5.078502   5.078447     2.2689     2.5241    25.8414    25.8383    20.6981    20.7010    1528.10    1528.10     4.1998    182.840     4.1367    180.093    36.6608    36.6578 0.0000e+00
  10556.188    166.238    20.7347    20.7330   5.079097   5.078594     2.2678     2.5250    25.8406    25.8390    20.7029    20.7012    1528.11    1528.10     4.1969    182.713     4.1367    180.089    36.6615    36.6588 0.0000e+00
  10557.188    166.267    20.7331    20.7174   5.078917   5.076889     2.2670     2.5251    25.8410    25.8430    20.7013    20.6856    1528.11    1528.06     4.1952    182.639     4.1353    180.032    36.6614    36.6585 0.0000e+00
  10558.188    166.470    20.7342    20.7204   5.079093   5.077326     2.2660     2.5246    25.8410    25.8429    20.7024    20.6886    1528.11    1528.07     4.1937    182.575     4.1334    179.946    36.6618    36.6594 0.0000e+00
  10559.188    166.513    20.7260    20.7232   5.078137   5.077450     2.2657     2.5241    25.8427    25.8410    20.6942    20.6914    1528.09    1528.08     4.1957    182.658     4.1320    179.886    36.6611    36.6579 0.0000e+00
  10560.188    166.304    20.7300    20.7328   5.078519   5.078743     2.2659     2.5235    25.8414    25.8401    20.6982    20.7010    1528.10    1528.11     4.1966    182.698     4.1303    179.813    36.6609    36.6602 0.0000e+00
  10561.188    166.224    20.7284    20.7300   5.078396   5.078434     2.2662     2.5232    25.8421    25.8408    20.6966    20.6982    1528.09    1528.10     4.1966    182.700     4.1304    179.816    36.6613    36.6601 0.0000e+00
  10562.188    166.512    20.7213    20.7178   5.077422   5.076789     2.2659     2.5229    25.8426    25.8420    20.6895    20.6859    1528.08    1528.07     4.1952    182.640     4.1308    179.836    36.6593    36.6573 0.0000e+00
  10563.188    166.844    20.7213    20.6846   5.077487   5.073107     2.2653     2.5226    25.8429    25.8499    20.6894    20.6528    1528.08    1527.98     4.1938    182.578     4.1332    179.939    36.6597    36.6558 0.0000e+00
  10564.188    166.958    20.6988    20.6816   5.074986   5.072586     2.2650     2.5226    25.8484    25.8495    20.6669    20.6497    1528.02    1527.97     4.1967    182.702     4.1351    180.022    36.6588    36.6542 0.0000e+00
  10565.188    166.909    20.6759    20.6862   5.072207   5.072968     2.2654     2.5231    25.8524    25.8475    20.6440    20.6543    1527.96    1527.98     4.2007    182.873     4.1370    180.104    36.6560    36.6533 0.0000e+00
  10566.188    166.853    20.6727    20.7053   5.071936   5.075494     2.2659     2.5239    25.8537    25.8455    20.6409    20.6734    1527.95    1528.04     4.2018    182.925     4.1378    180.136    36.6566    36.6574 0.0000e+00
  10567.188    166.668    20.6757    20.6988   5.072149   5.074534     2.2661     2.5248    25.8523    25.8456    20.6439    20.6669    1527.95    1528.01     4.2010    182.887     4.1402    180.242    36.6558    36.6553 0.0000e+00
  10568.188    166.404    20.6829    20.7120   5.073022   5.075696     2.2658     2.5256    25.8510    25.8406    20.6511    20.6802    1527.97    1528.04     4.1976    182.742     4.1405    180.258    36.6567    36.6534 0.0000e+00
  10569.188    166.434    20.6724    20.7092   5.071701   5.075781     2.2651     2.5262    25.8526    25.8437    20.6406    20.6774    1527.94    1528.04     4.1967    182.700     4.1409    180.275    36.6551    36.6565 0.0000e+00
  10570.188    166.871    20.6637    20.6577   5.070760   5.070328     2.2647     2.5266    25.8548    25.8577    20.6319    20.6258    1527.92    1527.91     4.1980    182.757     4.1444    180.425    36.6548    36.6565 0.0000e+00
  10571.188    167.272    20.6329    20.6008   5.067253   5.063429     2.2648     2.5266    25.8616    25.8676    20.6010    20.5690    1527.84    1527.75     4.2027    182.959     4.1491    180.627    36.6527    36.6493 0.0000e+00
  10572.188    167.205    20.6112    20.6200   5.064731   5.065182     2.2654     2.5269    25.8661    25.8607    20.5793    20.5882    1527.78    1527.80     4.2070    183.146     4.1490    180.625    36.6509    36.6470 0.0000e+00
  10573.188    166.836    20.6150    20.6757   5.065204   5.071507     2.2662     2.5273    25.8655    25.8483    20.5832    20.6438    1527.79    1527.95     4.2088    183.227     4.1458    180.484    36.6516    36.6505 0.0000e+00
  10574.188    166.757    20.6122    20.6833   5.064827   5.072907     2.2670     2.5277    25.8658    25.8499    20.5805    20.6514    1527.78    1527.97     4.2098    183.271     4.1451    180.457    36.6510    36.6554 0.0000e+00
  10575.188    166.969    20.6039    20.6218   5.063884   5.065908     2.2673     2.5277    25.8677    25.8636    20.5721    20.5900    1527.76    1527.81     4.2107    183.306     4.1475    180.556    36.6505    36.6514 0.0000e+00
  10576.188    166.970    20.6068    20.6235   5.064116   5.065930     2.2675     2.5269    25.8664    25.8622    20.5750    20.5917    1527.76    1527.81     4.2101    183.281     4.1443    180.418    36.6498    36.6502 0.0000e+00
  10577.188    166.675    20.6079    20.6414   5.064357   5.067912     2.2674     2.5260    25.8670    25.8578    20.5761    20.6096    1527.76    1527.85     4.2095    183.258     4.1420    180.318    36.6510    36.6509 0.0000e+00
  10578.188    166.419    20.6238    20.6719   5.066051   5.071177     2.2675     2.5257    25.8628    25.8498    20.5921    20.6401    1527.80    1527.93     4.2095    183.256     4.1410    180.278    36.6511    36.6512 0.0000e+00
  10579.188    166.093    20.6514    20.6893   5.069138   5.073204     2.2681     2.5261    25.8563    25.8463    20.6197    20.6576    1527.87    1527.98     4.2099    183.273     4.1419    180.317    36.6525    36.6528 0.0000e+00
  10580.188    165.544    20.6750    20.6923   5.071921   5.073836     2.2691     2.5265    25.8518    25.8476    20.6434    20.6607    1527.93    1527.98     4.2113    183.337     4.1420    180.320    36.6550    36.6556 0.0000e+00
