data/raw_ctdtime/AB1502_time_018.cnv
* Sea-Bird SBE 9 Data File:
* FileName = D:\ctd\raw\ab1502_018.hex
* Software Version Seasave V 7.23.2
* Temperature SN = 2958
* Conductivity SN = 3860
* Number of Bytes Per Scan = 41
* Number of Voltage Words = 4
* Number of Scans Averaged by the Deck Unit = 1
* NMEA Latitude = 26 29.86 N
* NMEA Longitude = 075 42.05 W
* NMEA UTC (Time) = Feb 21 2015 03:01:04
# nquan = 21
# nvalues = 10897                       
# units = specified
# name 0 = timeS: Time, Elapsed [seconds]
# name 1 = prDM: Pressure, Digiquartz [db]
# name 2 = t090C: Temperature [ITS-90, deg C]
# name 3 = t190C: Temperature, 2 [ITS-90, deg C]
# name 4 = c0S/m: Conductivity [S/m]
# name 5 = c1S/m: Conductivity, 2 [S/m]
# name 6 = sbeox0V: Oxygen raw, SBE 43 [V]
# name 7 = sbeox1V: Oxygen raw, SBE 43, 2 [V]
# name 8 = sigma-é00: Density [sigma-theta, kg/m^3]
# name 9 = sigma-é11: Density, 2 [sigma-theta, kg/m^3]
# name 10 = potemp090C: Potential Temperature [ITS-90, deg C]
# name 11 = potemp190C: Potential Temperature, 2 [ITS-90, deg C]
# name 12 = svCM: Sound Velocity [Chen-Millero, m/s]
# name 13 = svCM1: Sound Velocity, 2 [Chen-Millero, m/s]
# name 14 = sbeox0ML/L: Oxygen, SBE 43 [ml/l]
# name 15 = sbeox0Mm/Kg: Oxygen, SBE 43 [umol/kg]
# name 16 = sbeox1ML/L: Oxygen, SBE 43, 2 [ml/l]
# name 17 = sbeox1Mm/Kg: Oxygen, SBE 43, 2 [umol/kg]
# name 18 = sal00: Salinity, Practical [PSU]
# name 19 = sal11: Salinity, Practical, 2 [PSU]
# name 20 = flag:
# span 0 =    168.188,  11063.875       
# span 1 =      0.294,   4765.623       
# span 2 =     2.1844,    23.5949       
# span 3 =     2.1831,    23.5947       
# span 4 =   0.007916,   5.384004       
# span 5 =   0.033397,   5.384089       
# span 6 =     1.3306,     2.7406       
# span 7 =     1.4755,     2.8400       
# span 8 =    -1.9110,    27.8908       
# span 9 =    -1.7286,    27.8917       
# span 10 =     1.7550,    23.5900      
# span 11 =     1.7537,    23.5894      
# span 12 =    1479.84,    1539.20      
# span 13 =    1478.76,    1539.20      
# span 14 =     2.9633,     6.6996      
# span 15 =    128.842,    299.681      
# span 16 =     2.9184,     5.8716      
# span 17 =    126.886,    262.547      
# span 18 =     0.0457,    36.7432      
# span 19 =     0.1805,    36.7447      
# span 20 = 0.0000e+00, 0.0000e+00      
# interval = seconds: 1                 
# start_time = Feb 21 2015 03:01:04 [NMEA time, header]
# bad_flag = -9.990e-29
*END*
[from data line 8966]
   9134.188   1143.480     5.0621     5.0656   3.405325   3.405726     1.8524     2.0773    27.7100    27.7103     4.9641     4.9676    1489.88    1489.90     5.1450    223.581     5.0823    220.858    35.0384    35.0393 0.0000e+00
   9135.188   1142.818     5.0800     5.0665   3.406936   3.405756     1.8517     2.0764    27.7080    27.7100     4.9819     4.9685    1489.94    1489.89     5.1376    223.261     5.0769    220.622    35.0386    35.0391 0.0000e+00
   9136.188   1141.729     5.0942     5.0871   3.408206   3.407456     1.8509     2.0755    27.7066    27.7065     4.9961     4.9891    1489.98    1489.95     5.1323    223.028     5.0709    220.362    35.0389    35.0377 0.0000e+00
   9137.188   1140.452     5.1029     5.0999   3.409099   3.408841     1.8502     2.0746    27.7071    27.7075     5.0049     5.0019    1490.00    1489.99     5.1282    222.852     5.0659    220.144    35.0407    35.0409 0.0000e+00
   9138.188   1139.282     5.1071     5.1034   3.409473   3.409153     1.8495     2.0738    27.7069    27.7075     5.0091     5.0054    1490.00    1489.98     5.1240    222.667     5.0609    219.927    35.0412    35.0414 0.0000e+00
   9139.188   1138.279     5.1088     5.1068   3.409622   3.409436     1.8488     2.0728    27.7071    27.7072     5.0109     5.0090    1489.99    1489.98     5.1186    222.433     5.0557    219.702    35.0416    35.0416 0.0000e+00
   9140.188   1137.367     5.1120     5.1103   3.409880   3.409719     1.8479     2.0718    27.7068    27.7069     5.0142     5.0125    1489.99    1489.98     5.1130    222.191     5.0513    219.511    35.0417    35.0417 0.0000e+00
   9141.188   1136.592     5.1136     5.1106   3.409986   3.409780     1.8470     2.0708    27.7065    27.7075     5.0158     5.0129    1489.98    1489.97     5.1098    222.051     5.0476    219.346    35.0417    35.0424 0.0000e+00
   9142.188   1135.916     5.1163     5.1089   3.410221   3.409550     1.8462     2.0698    27.7063    27.7073     5.0186     5.0112    1489.98    1489.95     5.1079    221.969     5.0444    219.208    35.0418    35.0419 0.0000e+00
   9143.188   1135.080     5.1192     5.1160   3.410424   3.410088     1.8456     2.0689    27.7058    27.7057     5.0215     5.0184    1489.98    1489.97     5.1056    221.868     5.0411    219.066    35.0416    35.0410 0.0000e+00
   9144.188   1133.871     5.1232     5.1201   3.410774   3.410508     1.8451     2.0681    27.7057    27.7061     5.0256     5.0226    1489.98    1489.96     5.1042    221.808     5.0409    219.059    35.0420    35.0422 0.0000e+00
   9145.188   1132.283     5.1264     5.1243   3.410986   3.410821     1.8447     2.0677    27.7052    27.7057     5.0289     5.0269    1489.96    1489.95     5.1041    221.802     5.0418    219.097    35.0420    35.0422 0.0000e+00
   9146.188   1130.655     5.1315     5.1278   3.411407   3.411107     1.8446     2.0674    27.7048    27.7056     5.0342     5.0305    1489.96    1489.94     5.1026    221.740     5.0411    219.064    35.0422    35.0426 0.0000e+00
   9147.188   1129.697     5.1322     5.1301   3.411476   3.411295     1.8444     2.0673    27.7052    27.7055     5.0349     5.0329    1489.94    1489.94     5.1013    221.682     5.0395    218.996    35.0428    35.0429 0.0000e+00
   9148.188   1129.622     5.1313     5.1310   3.411358   3.411366     1.8442     2.0671    27.7050    27.7053     5.0340     5.0337    1489.94    1489.94     5.1004    221.642     5.0380    218.929    35.0424    35.0428 0.0000e+00
   9149.188   1129.353     5.1353     5.1332   3.411704   3.411586     1.8440     2.0668    27.7044    27.7053     5.0380     5.0360    1489.95    1489.94     5.0983    221.551     5.0358    218.835    35.0423    35.0431 0.0000e+00
   9150.188   1128.190     5.1400     5.1335   3.412127   3.411490     1.8438     2.0664    27.7043    27.7046     5.0428     5.0363    1489.95    1489.92     5.0947    221.398     5.0333    218.727    35.0429    35.0423 0.0000e+00
   9151.188   1126.691     5.1532     5.1501   3.413224   3.412902     1.8434     2.0661    27.7024    27.7025     5.0560     5.0529    1489.98    1489.97     5.0896    221.174     5.0286    218.522    35.0424    35.0420 0.0000e+00
   9152.188   1125.462     5.1681     5.1637   3.414657   3.414237     1.8430     2.0657    27.7019    27.7022     5.0709     5.0666    1490.02    1490.00     5.0854    220.991     5.0240    218.322    35.0440    35.0437 0.0000e+00
   9153.188   1124.556     5.1702     5.1659   3.414814   3.414432     1.8426     2.0652    27.7017    27.7022     5.0731     5.0689    1490.01    1490.00     5.0841    220.935     5.0198    218.141    35.0441    35.0441 0.0000e+00
   9154.188   1123.429     5.1745     5.1706   3.415143   3.414814     1.8424     2.0645    27.7010    27.7017     5.0775     5.0736    1490.01    1490.00     5.0818    220.834     5.0152    217.939    35.0439    35.0442 0.0000e+00
   9155.188   1121.957     5.1759     5.1734   3.415249   3.415040     1.8420     2.0639    27.7013    27.7017     5.0790     5.0765    1489.99    1489.98     5.0790    220.714     5.0124    217.822    35.0444    35.0446 0.0000e+00
   9156.188   1120.656     5.1772     5.1758   3.415331   3.415221     1.8417     2.0634    27.7013    27.7016     5.0804     5.0790    1489.98    1489.97     5.0766    220.610     5.0119    217.800    35.0446    35.0448 0.0000e+00
   9157.188   1120.099     5.1767     5.1763   3.415271   3.415259     1.8414     2.0630    27.7014    27.7017     5.0800     5.0795    1489.97    1489.97     5.0750    220.541     5.0120    217.803    35.0447    35.0450 0.0000e+00
   9158.188   1120.190     5.1785     5.1787   3.415416   3.415462     1.8410     2.0628    27.7010    27.7013     5.0818     5.0819    1489.98    1489.98     5.0734    220.469     5.0117    217.788    35.0444    35.0448 0.0000e+00
   9159.188   1119.970     5.1800     5.1786   3.415544   3.415457     1.8407     2.0626    27.7008    27.7013     5.0833     5.0819    1489.98    1489.97     5.0721    220.415     5.0124    217.820    35.0444    35.0449 0.0000e+00
   9160.188   1118.741     5.1806     5.1787   3.415545   3.415403     1.8404     2.0625    27.7007    27.7012     5.0839     5.0821    1489.96    1489.95     5.0715    220.387     5.0129    217.844    35.0445    35.0448 0.0000e+00
   9161.188   1116.788     5.1826     5.1818   3.415624   3.415587     1.8403     2.0626    27.7003    27.7007     5.0861     5.0854    1489.94    1489.93     5.0702    220.333     5.0124    217.819    35.0443    35.0446 0.0000e+00
   9162.188   1114.721     5.1878     5.1858   3.415997   3.415847     1.8401     2.0626    27.6996    27.7001     5.0914     5.0895    1489.92    1489.91     5.0676    220.217     5.0108    217.753    35.0442    35.0445 0.0000e+00
   9163.188   1113.149     5.1896     5.1886   3.416119   3.416064     1.8399     2.0627    27.6996    27.7000     5.0934     5.0924    1489.90    1489.90     5.0646    220.090     5.0083    217.641    35.0445    35.0448 0.0000e+00
   9164.188   1112.619     5.1873     5.1873   3.415909   3.415941     1.8397     2.0626    27.7000    27.7003     5.0912     5.0912    1489.89    1489.89     5.0621    219.982     5.0071    217.589    35.0447    35.0450 0.0000e+00
   9165.188   1112.671     5.1893     5.1896   3.416076   3.416111     1.8393     2.0625    27.6996    27.6997     5.0932     5.0934    1489.89    1489.90     5.0606    219.913     5.0068    217.577    35.0445    35.0446 0.0000e+00
   9166.188   1112.288     5.1914     5.1895   3.416248   3.416127     1.8390     2.0625    27.6994    27.7001     5.0953     5.0934    1489.90    1489.89     5.0605    219.913     5.0067    217.573    35.0445    35.0450 0.0000e+00
   9167.188   1111.140     5.1927     5.1896   3.416327   3.416053     1.8389     2.0624    27.6993    27.6997     5.0966     5.0936    1489.88    1489.87     5.0609    219.929     5.0050    217.497    35.0446    35.0446 0.0000e+00
   9168.188   1109.743     5.1973     5.1955   3.416682   3.416515     1.8389     2.0623    27.6987    27.6989     5.1014     5.0996    1489.88    1489.87     5.0602    219.899     5.0016    217.352    35.0445    35.0445 0.0000e+00
   9169.188   1108.510     5.2060     5.2016   3.417450   3.417073     1.8389     2.0620    27.6980    27.6987     5.1101     5.1057    1489.89    1489.88     5.0575    219.781     4.9991    217.242    35.0449    35.0452 0.0000e+00
   9170.188   1107.384     5.2113     5.2105   3.417925   3.417845     1.8388     2.0618    27.6978    27.6978     5.1154     5.1146    1489.90    1489.89     5.0547    219.658     4.9970    217.152    35.0454    35.0453 0.0000e+00
   9171.188   1106.198     5.2205     5.2131   3.418761   3.418137     1.8386     2.0617    27.6971    27.6984     5.1247     5.1174    1489.92    1489.89     5.0516    219.523     4.9949    217.061    35.0460    35.0465 0.0000e+00
   9172.188   1105.277     5.2273     5.2155   3.419364   3.418314     1.8384     2.0614    27.6966    27.6981     5.1315     5.1198    1489.93    1489.88     5.0477    219.355     4.9919    216.931    35.0463    35.0465 0.0000e+00
   9173.188   1104.892     5.2294     5.2148   3.419550   3.418247     1.8380     2.0611    27.6964    27.6983     5.1337     5.1192    1489.93    1489.87     5.0436    219.178     4.9904    216.865    35.0464    35.0466 0.0000e+00
   9174.188   1104.311     5.2454     5.2167   3.420965   3.418274     1.8375     2.0608    27.6944    27.6970     5.1495     5.1211    1489.99    1489.87     5.0383    218.945     4.9887    216.792    35.0463    35.0453 0.0000e+00
   9175.188   1102.958     5.2526     5.2458   3.421622   3.420805     1.8370     2.0604    27.6941    27.6931     5.1569     5.1501    1489.99    1489.96     5.0344    218.777     4.9820    216.501    35.0469    35.0447 0.0000e+00
   9176.188   1101.254     5.2596     5.2562   3.422221   3.421936     1.8365     2.0599    27.6936    27.6942     5.1639     5.1606    1489.99    1489.98     5.0314    218.648     4.9757    216.226    35.0474    35.0476 0.0000e+00
   9177.188   1099.833     5.2626     5.2604   3.422415   3.422270     1.8361     2.0592    27.6931    27.6938     5.1670     5.1649    1489.98    1489.97     5.0286    218.525     4.9686    215.917    35.0472    35.0478 0.0000e+00
   9178.188   1099.001     5.2625     5.2616   3.422417   3.422362     1.8356     2.0583    27.6935    27.6938     5.1670     5.1661    1489.97    1489.96     5.0250    218.369     4.9623    215.645    35.0477    35.0480 0.0000e+00
   9179.188   1098.481     5.2647     5.2611   3.422572   3.422294     1.8350     2.0572    27.6930    27.6939     5.1693     5.1657    1489.97    1489.95     5.0210    218.197     4.9581    215.460    35.0474    35.0480 0.0000e+00
   9180.188   1097.856     5.2686     5.2628   3.422909   3.422384     1.8343     2.0561    27.6926    27.6933     5.1732     5.1675    1489.97    1489.95     5.0178    218.057     4.9558    215.363    35.0475    35.0475 0.0000e+00
   9181.188   1097.108     5.2725     5.2687   3.423201   3.422815     1.8338     2.0553    27.6919    27.6920     5.1771     5.1733    1489.98    1489.96     5.0155    217.958     4.9545    215.306    35.0473    35.0468 0.0000e+00
   9182.188   1096.240     5.2821     5.2749   3.424030   3.423398     1.8333     2.0547    27.6907    27.6917     5.1867     5.1796    1490.00    1489.97     5.0122    217.815     4.9526    215.223    35.0472    35.0474 0.0000e+00
   9183.188   1095.095     5.2904     5.2853   3.424758   3.424254     1.8328     2.0541    27.6899    27.6901     5.1950     5.1900    1490.02    1489.99     5.0086    217.655     4.9503    215.124    35.0474    35.0469 0.0000e+00
   9184.188   1093.636     5.2964     5.2911   3.425270   3.424776     1.8323     2.0537    27.6894    27.6900     5.2012     5.1959    1490.02    1489.99     5.0043    217.473     4.9485    215.047    35.0477    35.0477 0.0000e+00
   9185.188   1092.037     5.3051     5.3008   3.425987   3.425632     1.8317     2.0533    27.6883    27.6892     5.2100     5.2056    1490.02    1490.01     4.9982    217.205     4.9454    214.909    35.0477    35.0481 0.0000e+00
   9186.188   1090.742     5.3100     5.3049   3.426418   3.425969     1.8309     2.0529    27.6881    27.6889     5.2149     5.2099    1490.02    1490.00     4.9913    216.907     4.9414    214.739    35.0481    35.0483 0.0000e+00
   9187.188   1090.050     5.3110     5.3055   3.426489   3.426054     1.8299     2.0524    27.6881    27.6893     5.2160     5.2105    1490.02    1490.00     4.9852    216.639     4.9363    214.516    35.0483    35.0490 0.0000e+00
   9188.188   1089.666     5.3135     5.3061   3.426670   3.426078     1.8289     2.0516    27.6876    27.6892     5.2185     5.2111    1490.02    1489.99     4.9807    216.445     4.9310    214.285    35.0480    35.0489 0.0000e+00
   9189.188   1089.039     5.3271     5.3077   3.427933   3.426160     1.8279     2.0506    27.6864    27.6886     5.2320     5.2128    1490.06    1489.99     4.9763    216.253     4.9270    214.110    35.0486    35.0485 0.0000e+00
   9190.188   1088.095     5.3306     5.3245   3.428242   3.427558     1.8271     2.0498    27.6862    27.6858     5.2356     5.2296    1490.06    1490.04     4.9732    216.118     4.9219    213.891    35.0489    35.0474 0.0000e+00
   9191.188   1086.956     5.3411     5.3377   3.429183   3.428860     1.8263     2.0489    27.6853    27.6856     5.2461     5.2427    1490.09    1490.07     4.9691    215.943     4.9167    213.666    35.0493    35.0492 0.0000e+00
   9192.188   1085.754     5.3496     5.3445   3.429946   3.429519     1.8256     2.0480    27.6847    27.6856     5.2546     5.2496    1490.10    1490.08     4.9654    215.779     4.9111    213.421    35.0498    35.0502 0.0000e+00
   9193.188   1084.545     5.3575     5.3502   3.430652   3.429961     1.8250     2.0470    27.6841    27.6847     5.2626     5.2554    1490.12    1490.09     4.9616    215.618     4.9036    213.097    35.0503    35.0499 0.0000e+00
   9194.188   1083.353     5.3640     5.3582   3.431183   3.430662     1.8244     2.0457    27.6832    27.6840     5.2692     5.2634    1490.12    1490.10     4.9570    215.418     4.8952    212.732    35.0502    35.0502 0.0000e+00
   9195.188   1082.253     5.3670     5.3622   3.431454   3.431021     1.8236     2.0443    27.6832    27.6839     5.2723     5.2674    1490.12    1490.10     4.9514    215.171     4.8888    212.451    35.0507    35.0508 0.0000e+00
   9196.188   1081.191     5.3696     5.3661   3.431637   3.431319     1.8227     2.0429    27.6828    27.6832     5.2749     5.2715    1490.11    1490.09     4.9468    214.974     4.8845    212.265    35.0506    35.0505 0.0000e+00
   9197.188   1080.124     5.3714     5.3682   3.431768   3.431480     1.8220     2.0417    27.6827    27.6832     5.2768     5.2736    1490.10    1490.09     4.9445    214.874     4.8824    212.175    35.0507    35.0508 0.0000e+00
   9198.188   1079.368     5.3741     5.3696   3.431978   3.431591     1.8213     2.0407    27.6824    27.6831     5.2796     5.2751    1490.10    1490.08     4.9430    214.809     4.8821    212.161    35.0507    35.0510 0.0000e+00
   9199.188   1079.023     5.3801     5.3689   3.432543   3.431532     1.8208     2.0400    27.6820    27.6834     5.2856     5.2745    1490.12    1490.07     4.9409    214.718     4.8826    212.182    35.0511    35.0512 0.0000e+00
   9200.188   1078.280     5.3817     5.3714   3.432691   3.431669     1.8204     2.0396    27.6821    27.6825     5.2872     5.2770    1490.11    1490.07     4.9397    214.664     4.8831    212.204    35.0515    35.0505 0.0000e+00
   9201.188   1076.767     5.3859     5.3844   3.432990   3.432846     1.8200     2.0393    27.6814    27.6815     5.2915     5.2900    1490.10    1490.10     4.9386    214.616     4.8820    212.156    35.0513    35.0512 0.0000e+00
