data/raw_ctdtime/AB1502_time_018.cnv
* Sea-Bird SBE 9 Data File:
* FileName = D:\ctd\raw\ab1502_018.hex
* Software Version Seasave V 7.23.2
* Temperature SN = 2958
* Conductivity SN = 3860
* Number of Bytes Per Scan = 41
* Number of Voltage Words = 4
* Number of Scans Averaged by the Deck Unit = 1
* NMEA Latitude = 26 29.86 N
* NMEA Longitude = 075 42.05 W
* NMEA UTC (Time) = Feb 21 2015 03:01:04
# nquan = 21
# nvalues = 10897                       
# units = specified
# name 0 = timeS: Time, Elapsed [seconds]
# name 1 = prDM: Pressure, Digiquartz [db]
# name 2 = t090C: Temperature [ITS-90, deg C]
# name 3 = t190C: Temperature, 2 [ITS-90, deg C]
# name 4 = c0S/m: Conductivity [S/m]
# name 5 = c1S/m: Conductivity, 2 [S/m]
# name 6 = sbeox0V: Oxygen raw, SBE 43 [V]
# name 7 = sbeox1V: Oxygen raw, SBE 43, 2 [V]
# name 8 = sigma-é00: Density [sigma-theta, kg/m^3]
# name 9 = sigma-é11: Density, 2 [sigma-theta, kg/m^3]
# name 10 = potemp090C: Potential Temperature [ITS-90, deg C]
# name 11 = potemp190C: Potential Temperature, 2 [ITS-90, deg C]
# name 12 = svCM: Sound Velocity [Chen-Millero, m/s]
# name 13 = svCM1: Sound Velocity, 2 [Chen-Millero, m/s]
# name 14 = sbeox0ML/L: Oxygen, SBE 43 [ml/l]
# name 15 = sbeox0Mm/Kg: Oxygen, SBE 43 [umol/kg]
# name 16 = sbeox1ML/L: Oxygen, SBE 43, 2 [ml/l]
# name 17 = sbeox1Mm/Kg: Oxygen, SBE 43, 2 [umol/kg]
# name 18 = sal00: Salinity, Practical [PSU]
# name 19 = sal11: Salinity, Practical, 2 [PSU]
# name 20 = flag:
# span 0 =    168.188,  11063.875       
# span 1 =      0.294,   4765.623       
# span 2 =     2.1844,    23.5949       
# span 3 =     2.1831,    23.5947       
# span 4 =   0.007916,   5.384004       
# span 5 =   0.033397,   5.384089       
# span 6 =     1.3306,     2.7406       
# span 7 =     1.4755,     2.8400       
# span 8 =    -1.9110,    27.8908       
# span 9 =    -1.7286,    27.8917       
# span 10 =     1.7550,    23.5900      
# span 11 =     1.7537,    23.5894      
# span 12 =    1479.84,    1539.20      
# span 13 =    1478.76,    1539.20      
# span 14 =     2.9633,     6.6996      
# span 15 =    128.842,    299.681      
# span 16 =     2.9184,     5.8716      
# span 17 =    126.886,    262.547      
# span 18 =     0.0457,    36.7432      
# span 19 =     0.1805,    36.7447      
# span 20 = 0.0000e+00, 0.0000e+00      
# interval = seconds: 1                 
# start_time = Feb 21 2015 03:01:04 [NMEA time, header]
# bad_flag = -9.990e-29
*END*
[from data line 8690]
   8858.188   1364.254     4.3951     4.3950   3.351394   3.351429     1.8703     2.0968    27.7582    27.7586     4.2830     4.2829    1490.77    1490.77     5.4714    237.751     5.3998    234.643    35.0027    35.0032 0.0000e+00
   8859.188   1363.859     4.3950     4.3951   3.351377   3.351424     1.8703     2.0968    27.7583    27.7587     4.2829     4.2830    1490.77    1490.77     5.4697    237.678     5.4007    234.680    35.0028    35.0033 0.0000e+00
   8860.188   1364.503     4.3950     4.3949   3.351413   3.351434     1.8702     2.0968    27.7584    27.7587     4.2829     4.2828    1490.78    1490.78     5.4686    237.632     5.4021    234.741    35.0029    35.0033 0.0000e+00
   8861.188   1365.549     4.3948     4.3947   3.351424   3.351452     1.8700     2.0968    27.7583    27.7586     4.2826     4.2825    1490.79    1490.79     5.4690    237.647     5.4045    234.845    35.0027    35.0032 0.0000e+00
   8862.188   1366.129     4.3943     4.3938   3.351391   3.351384     1.8699     2.0970    27.7582    27.7586     4.2820     4.2815    1490.80    1490.80     5.4697    237.679     5.4072    234.961    35.0026    35.0030 0.0000e+00
   8863.188   1365.648     4.3949     4.3951   3.351427   3.351483     1.8699     2.0973    27.7582    27.7585     4.2827     4.2828    1490.80    1490.80     5.4700    237.691     5.4092    235.049    35.0027    35.0031 0.0000e+00
   8864.188   1364.586     4.3953     4.3956   3.351424   3.351484     1.8699     2.0977    27.7582    27.7585     4.2831     4.2834    1490.78    1490.78     5.4701    237.695     5.4113    235.143    35.0028    35.0031 0.0000e+00
   8865.188   1363.732     4.3953     4.3956   3.351389   3.351458     1.8699     2.0982    27.7582    27.7585     4.2832     4.2836    1490.77    1490.77     5.4694    237.664     5.4133    235.228    35.0028    35.0032 0.0000e+00
   8866.188   1363.633     4.3954     4.3954   3.351405   3.351433     1.8699     2.0987    27.7583    27.7586     4.2833     4.2833    1490.76    1490.77     5.4676    237.587     5.4146    235.286    35.0029    35.0032 0.0000e+00
   8867.188   1364.050     4.3954     4.3952   3.351406   3.351443     1.8698     2.0991    27.7582    27.7586     4.2833     4.2831    1490.77    1490.77     5.4669    237.557     5.4142    235.267    35.0027    35.0033 0.0000e+00
   8868.188   1364.385     4.3959     4.3952   3.351475   3.351441     1.8697     2.0993    27.7582    27.7585     4.2838     4.2830    1490.78    1490.78     5.4668    237.553     5.4124    235.191    35.0028    35.0031 0.0000e+00
   8869.188   1364.397     4.3952     4.3958   3.351406   3.351494     1.8696     2.0994    27.7582    27.7584     4.2830     4.2837    1490.78    1490.78     5.4669    237.558     5.4103    235.099    35.0027    35.0030 0.0000e+00
   8870.188   1363.940     4.3967     4.3969   3.351514   3.351571     1.8695     2.0993    27.7579    27.7583     4.2846     4.2848    1490.77    1490.78     5.4671    237.567     5.4079    234.993    35.0026    35.0031 0.0000e+00
   8871.188   1362.885     4.3984     4.3972   3.351626   3.351562     1.8695     2.0991    27.7578    27.7583     4.2864     4.2852    1490.76    1490.76     5.4679    237.599     5.4060    234.909    35.0026    35.0032 0.0000e+00
   8872.188   1361.101     4.4021     4.4012   3.351879   3.351832     1.8697     2.0990    27.7573    27.7577     4.2902     4.2893    1490.75    1490.75     5.4673    237.577     5.4042    234.832    35.0026    35.0030 0.0000e+00
   8873.188   1359.050     4.4076     4.4068   3.352332   3.352301     1.8698     2.0989    27.7571    27.7576     4.2958     4.2951    1490.74    1490.74     5.4657    237.504     5.4016    234.722    35.0031    35.0036 0.0000e+00
   8874.188   1357.556     4.4108     4.4093   3.352568   3.352478     1.8700     2.0988    27.7569    27.7575     4.2991     4.2977    1490.73    1490.72     5.4644    237.449     5.4004    234.667    35.0033    35.0038 0.0000e+00
   8875.188   1357.196     4.4081     4.4076   3.352349   3.352322     1.8701     2.0987    27.7575    27.7578     4.2965     4.2960    1490.71    1490.71     5.4638    237.425     5.4012    234.704    35.0037    35.0040 0.0000e+00
   8876.188   1357.267     4.4095     4.4092   3.352438   3.352437     1.8701     2.0988    27.7570    27.7572     4.2979     4.2976    1490.72    1490.72     5.4626    237.371     5.4029    234.779    35.0032    35.0035 0.0000e+00
   8877.188   1356.768     4.4137     4.4112   3.352813   3.352660     1.8700     2.0989    27.7568    27.7576     4.3020     4.2996    1490.73    1490.72     5.4612    237.309     5.4043    234.838    35.0035    35.0042 0.0000e+00
   8878.188   1355.530     4.4149     4.4101   3.352896   3.352473     1.8700     2.0992    27.7568    27.7574     4.3034     4.2986    1490.71    1490.69     5.4613    237.315     5.4056    234.893    35.0037    35.0039 0.0000e+00
   8879.188   1354.053     4.4168     4.4142   3.352991   3.352784     1.8701     2.0995    27.7565    27.7570     4.3054     4.3028    1490.69    1490.68     5.4620    237.347     5.4047    234.855    35.0036    35.0039 0.0000e+00
   8880.188   1352.787     4.4184     4.4172   3.353106   3.353027     1.8703     2.0997    27.7565    27.7569     4.3071     4.3059    1490.68    1490.68     5.4628    237.378     5.4025    234.761    35.0039    35.0042 0.0000e+00
   8881.188   1351.812     4.4201     4.4190   3.353221   3.353130     1.8706     2.0998    27.7564    27.7566     4.3089     4.3078    1490.67    1490.67     5.4637    237.421     5.4006    234.675    35.0039    35.0040 0.0000e+00
   8882.188   1350.827     4.4215     4.4207   3.353301   3.353265     1.8709     2.0998    27.7562    27.7566     4.3104     4.3096    1490.66    1490.66     5.4642    237.441     5.3990    234.607    35.0039    35.0043 0.0000e+00
   8883.188   1349.661     4.4240     4.4222   3.353498   3.353361     1.8712     2.0998    27.7561    27.7565     4.3129     4.3112    1490.65    1490.64     5.4636    237.416     5.3977    234.549    35.0041    35.0044 0.0000e+00
   8884.188   1348.479     4.4259     4.4240   3.353615   3.353493     1.8714     2.0998    27.7559    27.7565     4.3149     4.3131    1490.64    1490.63     5.4627    237.376     5.3974    234.537    35.0041    35.0046 0.0000e+00
   8885.188   1347.453     4.4271     4.4257   3.353700   3.353618     1.8716     2.0999    27.7558    27.7564     4.3162     4.3148    1490.63    1490.62     5.4616    237.330     5.3989    234.603    35.0043    35.0048 0.0000e+00
   8886.188   1346.613     4.4287     4.4260   3.353814   3.353598     1.8717     2.1002    27.7558    27.7562     4.3179     4.3152    1490.62    1490.61     5.4603    237.269     5.4006    234.677    35.0044    35.0046 0.0000e+00
   8887.188   1345.902     4.4293     4.4273   3.353835   3.353684     1.8717     2.1005    27.7556    27.7561     4.3185     4.3165    1490.61    1490.60     5.4596    237.239     5.4017    234.726    35.0043    35.0047 0.0000e+00
   8888.188   1345.093     4.4303     4.4281   3.353880   3.353703     1.8718     2.1008    27.7554    27.7559     4.3196     4.3174    1490.60    1490.59     5.4597    237.244     5.4017    234.723    35.0042    35.0044 0.0000e+00
   8889.188   1343.950     4.4320     4.4309   3.353992   3.353953     1.8719     2.1011    27.7553    27.7559     4.3214     4.3203    1490.59    1490.59     5.4590    237.217     5.3991    234.612    35.0043    35.0049 0.0000e+00
   8890.188   1342.516     4.4341     4.4324   3.354130   3.354027     1.8720     2.1011    27.7551    27.7558     4.3236     4.3219    1490.57    1490.57     5.4571    237.131     5.3955    234.456    35.0044    35.0049 0.0000e+00
   8891.188   1341.028     4.4357     4.4339   3.354223   3.354105     1.8720     2.1011    27.7550    27.7557     4.3253     4.3235    1490.56    1490.55     5.4549    237.039     5.3933    234.360    35.0045    35.0051 0.0000e+00
   8892.188   1339.743     4.4378     4.4356   3.354366   3.354217     1.8719     2.1010    27.7549    27.7556     4.3275     4.3254    1490.54    1490.54     5.4535    236.976     5.3926    234.331    35.0047    35.0052 0.0000e+00
   8893.188   1338.869     4.4382     4.4363   3.354381   3.354262     1.8719     2.1010    27.7550    27.7557     4.3280     4.3261    1490.53    1490.52     5.4529    236.951     5.3923    234.315    35.0048    35.0054 0.0000e+00
   8894.188   1338.426     4.4367     4.4357   3.354237   3.354187     1.8719     2.1010    27.7552    27.7558     4.3266     4.3255    1490.52    1490.51     5.4529    236.951     5.3923    234.316    35.0049    35.0055 0.0000e+00
   8895.188   1338.036     4.4424     4.4365   3.354725   3.354208     1.8719     2.1010    27.7545    27.7553     4.3322     4.3263    1490.54    1490.51     5.4522    236.920     5.3923    234.317    35.0048    35.0050 0.0000e+00
   8896.188   1337.210     4.4432     4.4394   3.354777   3.354428     1.8719     2.1011    27.7546    27.7550     4.3330     4.3293    1490.52    1490.51     5.4523    236.925     5.3926    234.328    35.0051    35.0049 0.0000e+00
   8897.188   1335.856     4.4456     4.4453   3.354942   3.354947     1.8720     2.1013    27.7544    27.7547     4.3356     4.3353    1490.51    1490.51     5.4520    236.911     5.3935    234.368    35.0051    35.0055 0.0000e+00
   8898.188   1334.228     4.4491     4.4475   3.355205   3.355101     1.8722     2.1016    27.7541    27.7547     4.3392     4.3376    1490.50    1490.49     5.4511    236.870     5.3947    234.423    35.0052    35.0058 0.0000e+00
   8899.188   1332.806     4.4532     4.4503   3.355505   3.355290     1.8723     2.1020    27.7536    27.7544     4.3434     4.3405    1490.49    1490.48     5.4498    236.816     5.3937    234.380    35.0051    35.0058 0.0000e+00
   8900.188   1331.862     4.4543     4.4524   3.355612   3.355465     1.8724     2.1022    27.7539    27.7543     4.3445     4.3427    1490.48    1490.48     5.4491    236.786     5.3907    234.249    35.0058    35.0060 0.0000e+00
   8901.188   1330.948     4.4556     4.4531   3.355638   3.355462     1.8725     2.1022    27.7533    27.7540     4.3460     4.3435    1490.47    1490.46     5.4485    236.758     5.3881    234.135    35.0051    35.0057 0.0000e+00
   8902.188   1329.707     4.4622     4.4607   3.356246   3.356138     1.8725     2.1022    27.7532    27.7536     4.3526     4.3511    1490.48    1490.47     5.4463    236.662     5.3861    234.046    35.0059    35.0063 0.0000e+00
   8903.188   1328.734     4.4639     4.4622   3.356408   3.356270     1.8725     2.1022    27.7534    27.7537     4.3544     4.3527    1490.47    1490.46     5.4446    236.588     5.3855    234.022    35.0065    35.0066 0.0000e+00
   8904.188   1328.642     4.4624     4.4609   3.356261   3.356175     1.8725     2.1022    27.7535    27.7541     4.3529     4.3514    1490.46    1490.46     5.4445    236.584     5.3860    234.044    35.0064    35.0069 0.0000e+00
   8905.188   1328.620     4.4596     4.4577   3.355947   3.355852     1.8725     2.1022    27.7533    27.7542     4.3501     4.3482    1490.45    1490.44     5.4453    236.620     5.3871    234.090    35.0057    35.0065 0.0000e+00
   8906.188   1327.425     4.4655     4.4618   3.356460   3.356130     1.8725     2.1023    27.7529    27.7534     4.3560     4.3524    1490.46    1490.44     5.4445    236.584     5.3869    234.084    35.0061    35.0061 0.0000e+00
   8907.188   1325.282     4.4704     4.4691   3.356826   3.356736     1.8726     2.1025    27.7525    27.7529     4.3611     4.3598    1490.44    1490.44     5.4426    236.502     5.3856    234.025    35.0062    35.0065 0.0000e+00
   8908.188   1323.198     4.4749     4.4735   3.357186   3.357110     1.8727     2.1026    27.7524    27.7530     4.3657     4.3644    1490.42    1490.42     5.4399    236.385     5.3829    233.910    35.0068    35.0073 0.0000e+00
   8909.188   1322.015     4.4754     4.4744   3.357203   3.357171     1.8726     2.1027    27.7526    27.7531     4.3663     4.3654    1490.41    1490.40     5.4380    236.301     5.3801    233.787    35.0070    35.0076 0.0000e+00
   8910.188   1321.886     4.4750     4.4736   3.357151   3.357073     1.8725     2.1026    27.7525    27.7531     4.3659     4.3646    1490.40    1490.40     5.4368    236.249     5.3781    233.701    35.0069    35.0074 0.0000e+00
   8911.188   1321.840     4.4778     4.4777   3.357416   3.357445     1.8724     2.1024    27.7523    27.7527     4.3688     4.3686    1490.41    1490.41     5.4358    236.207     5.3761    233.615    35.0070    35.0075 0.0000e+00
   8912.188   1321.055     4.4790     4.4758   3.357491   3.357259     1.8723     2.1022    27.7521    27.7530     4.3700     4.3668    1490.41    1490.39     5.4362    236.223     5.3754    233.582    35.0070    35.0077 0.0000e+00
   8913.188   1319.483     4.4797     4.4780   3.357499   3.357358     1.8724     2.1020    27.7521    27.7525     4.3709     4.3692    1490.38    1490.38     5.4369    236.255     5.3730    233.480    35.0071    35.0073 0.0000e+00
   8914.188   1317.678     4.4830     4.4814   3.357729   3.357616     1.8725     2.1018    27.7519    27.7524     4.3743     4.3727    1490.37    1490.36     5.4360    236.218     5.3702    233.356    35.0073    35.0076 0.0000e+00
   8915.188   1316.333     4.4863     4.4831   3.357995   3.357740     1.8726     2.1015    27.7518    27.7524     4.3777     4.3745    1490.36    1490.35     5.4342    236.140     5.3682    233.271    35.0076    35.0079 0.0000e+00
   8916.188   1315.769     4.4841     4.4833   3.357775   3.357744     1.8727     2.1013    27.7520    27.7525     4.3756     4.3748    1490.34    1490.34     5.4341    236.132     5.3691    233.311    35.0076    35.0081 0.0000e+00
   8917.188   1315.342     4.4883     4.4828   3.358111   3.357674     1.8728     2.1013    27.7513    27.7525     4.3797     4.3743    1490.35    1490.33     5.4336    236.113     5.3714    233.408    35.0073    35.0080 0.0000e+00
   8918.188   1314.392     4.4906     4.4860   3.358298   3.357878     1.8728     2.1015    27.7512    27.7517     4.3821     4.3775    1490.34    1490.32     5.4334    236.104     5.3725    233.457    35.0075    35.0075 0.0000e+00
   8919.188   1313.171     4.4936     4.4941   3.358546   3.358612     1.8730     2.1017    27.7512    27.7513     4.3852     4.3857    1490.34    1490.34     5.4331    236.090     5.3714    233.407    35.0079    35.0081 0.0000e+00
   8920.188   1312.165     4.4970     4.4972   3.358836   3.358908     1.8731     2.1019    27.7510    27.7516     4.3887     4.3888    1490.33    1490.34     5.4330    236.087     5.3707    233.377    35.0081    35.0089 0.0000e+00
   8921.188   1311.279     4.4990     4.4962   3.358963   3.358761     1.8733     2.1021    27.7507    27.7514     4.3907     4.3880    1490.33    1490.32     5.4327    236.075     5.3708    233.383    35.0080    35.0086 0.0000e+00
   8922.188   1309.979     4.5041     4.5020   3.359401   3.359243     1.8734     2.1023    27.7504    27.7509     4.3959     4.3938    1490.33    1490.32     5.4311    236.005     5.3698    233.340    35.0084    35.0088 0.0000e+00
   8923.188   1308.339     4.5074     4.5052   3.359650   3.359485     1.8736     2.1025    27.7503    27.7508     4.3993     4.3971    1490.31    1490.31     5.4296    235.937     5.3682    233.270    35.0087    35.0091 0.0000e+00
   8924.188   1307.024     4.5086     4.5076   3.359735   3.359667     1.8736     2.1025    27.7504    27.7508     4.4006     4.3996    1490.30    1490.29     5.4283    235.882     5.3654    233.149    35.0090    35.0093 0.0000e+00
   8925.188   1306.389     4.5080     4.5082   3.359658   3.359720     1.8737     2.1025    27.7505    27.7509     4.4001     4.4003    1490.28    1490.29     5.4278    235.862     5.3624    233.020    35.0090    35.0096 0.0000e+00
