data/raw_ctdtime/AB1502_time_018.cnv
* Sea-Bird SBE 9 Data File:
* FileName = D:\ctd\raw\ab1502_018.hex
* Software Version Seasave V 7.23.2
* Temperature SN = 2958
* Conductivity SN = 3860
* Number of Bytes Per Scan = 41
* Number of Voltage Words = 4
* Number of Scans Averaged by the Deck Unit = 1
* NMEA Latitude = 26 29.86 N
* NMEA Longitude = 075 42.05 W
* NMEA UTC (Time) = Feb 21 2015 03:01:04
# nquan = 21
# nvalues = 10897                       
# units = specified
# name 0 = timeS: Time, Elapsed [seconds]
# name 1 = prDM: Pressure, Digiquartz [db]
# name 2 = t090C: Temperature [ITS-90, deg C]
# name 3 = t190C: Temperature, 2 [ITS-90, deg C]
# name 4 = c0S/m: Conductivity [S/m]
# name 5 = c1S/m: Conductivity, 2 [S/m]
# name 6 = sbeox0V: Oxygen raw, SBE 43 [V]
# name 7 = sbeox1V: Oxygen raw, SBE 43, 2 [V]
# name 8 = sigma-é00: Density [sigma-theta, kg/m^3]
# name 9 = sigma-é11: Density, 2 [sigma-theta, kg/m^3]
# name 10 = potemp090C: Potential Temperature [ITS-90, deg C]
# name 11 = potemp190C: Potential Temperature, 2 [ITS-90, deg C]
# name 12 = svCM: Sound Velocity [Chen-Millero, m/s]
# name 13 = svCM1: Sound Velocity, 2 [Chen-Millero, m/s]
# name 14 = sbeox0ML/L: Oxygen, SBE 43 [ml/l]
# name 15 = sbeox0Mm/Kg: Oxygen, SBE 43 [umol/kg]
# name 16 = sbeox1ML/L: Oxygen, SBE 43, 2 [ml/l]
# name 17 = sbeox1Mm/Kg: Oxygen, SBE 43, 2 [umol/kg]
# name 18 = sal00: Salinity, Practical [PSU]
# name 19 = sal11: Salinity, Practical, 2 [PSU]
# name 20 = flag:
# span 0 =    168.188,  11063.875       
# span 1 =      0.294,   4765.623       
# span 2 =     2.1844,    23.5949       
# span 3 =     2.1831,    23.5947       
# span 4 =   0.007916,   5.384004       
# span 5 =   0.033397,   5.384089       
# span 6 =     1.3306,     2.7406       
# span 7 =     1.4755,     2.8400       
# span 8 =    -1.9110,    27.8908       
# span 9 =    -1.7286,    27.8917       
# span 10 =     1.7550,    23.5900      
# span 11 =     1.7537,    23.5894      
# span 12 =    1479.84,    1539.20      
# span 13 =    1478.76,    1539.20      
# span 14 =     2.9633,     6.6996      
# span 15 =    128.842,    299.681      
# span 16 =     2.9184,     5.8716      
# span 17 =    126.886,    262.547      
# span 18 =     0.0457,    36.7432      
# span 19 =     0.1805,    36.7447      
# span 20 = 0.0000e+00, 0.0000e+00      
# interval = seconds: 1                 
# start_time = Feb 21 2015 03:01:04 [NMEA time, header]
# bad_flag = -9.990e-29
*END*
[from data line 1518]
   1686.188   1428.858     4.2759     4.2744   3.342849   3.342921     1.8640     2.0917    27.7665    27.7686     4.1591     4.1576    1491.35    1491.35     5.5074    239.317     5.4434    236.536    34.9964    34.9988 0.0000e+00
   1687.188   1430.531     4.2741     4.2724   3.342751   3.342804     1.8639     2.0914    27.7667    27.7687     4.1572     4.1555    1491.37    1491.36     5.5090    239.383     5.4430    236.515    34.9963    34.9987 0.0000e+00
   1688.188   1431.863     4.2719     4.2706   3.342580   3.342673     1.8639     2.0911    27.7666    27.7687     4.1548     4.1536    1491.38    1491.38     5.5101    239.434     5.4424    236.489    34.9960    34.9984 0.0000e+00
   1689.188   1432.373     4.2738     4.2705   3.342735   3.342661     1.8638     2.0908    27.7661    27.7685     4.1567     4.1535    1491.40    1491.39     5.5088    239.375     5.4420    236.471    34.9955    34.9981 0.0000e+00
   1690.188   1432.351     4.2752     4.2742   3.342907   3.343017     1.8636     2.0905    27.7664    27.7683     4.1581     4.1571    1491.40    1491.40     5.5063    239.267     5.4404    236.406    34.9961    34.9984 0.0000e+00
   1691.188   1432.828     4.2739     4.2728   3.342828   3.342938     1.8633     2.0902    27.7666    27.7688     4.1568     4.1556    1491.41    1491.40     5.5056    239.238     5.4403    236.399    34.9962    34.9987 0.0000e+00
   1692.188   1434.166     4.2708     4.2694   3.342580   3.342687     1.8631     2.0900    27.7668    27.7691     4.1536     4.1522    1491.42    1491.41     5.5076    239.323     5.4438    236.550    34.9960    34.9987 0.0000e+00
   1693.188   1435.594     4.2664     4.2649   3.342252   3.342331     1.8630     2.0900    27.7673    27.7694     4.1491     4.1476    1491.42    1491.42     5.5109    239.467     5.4479    236.728    34.9961    34.9985 0.0000e+00
   1694.188   1436.795     4.2602     4.2587   3.341702   3.341788     1.8631     2.0901    27.7676    27.7698     4.1428     4.1413    1491.41    1491.41     5.5145    239.622     5.4510    236.865    34.9956    34.9982 0.0000e+00
   1695.188   1437.997     4.2565     4.2549   3.341396   3.341475     1.8632     2.0902    27.7678    27.7700     4.1390     4.1375    1491.42    1491.42     5.5163    239.703     5.4529    236.947    34.9953    34.9979 0.0000e+00
   1696.188   1439.425     4.2544     4.2528   3.341260   3.341318     1.8632     2.0903    27.7679    27.7700     4.1369     4.1353    1491.43    1491.43     5.5161    239.695     5.4549    237.034    34.9952    34.9975 0.0000e+00
   1697.188   1440.730     4.2526     4.2511   3.341144   3.341230     1.8631     2.0905    27.7681    27.7702     4.1350     4.1335    1491.45    1491.45     5.5159    239.685     5.4569    237.122    34.9951    34.9976 0.0000e+00
   1698.188   1441.459     4.2525     4.2477   3.341120   3.340926     1.8630     2.0906    27.7676    27.7704     4.1348     4.1300    1491.46    1491.44     5.5158    239.682     5.4579    237.164    34.9945    34.9973 0.0000e+00
   1699.188   1441.737     4.2542     4.2494   3.341323   3.341058     1.8629     2.0907    27.7679    27.7699     4.1364     4.1317    1491.47    1491.45     5.5148    239.636     5.4568    237.116    34.9950    34.9969 0.0000e+00
   1700.188   1442.389     4.2488     4.2454   3.340876   3.340777     1.8627     2.0907    27.7685    27.7708     4.1311     4.1277    1491.46    1491.45     5.5147    239.634     5.4557    237.066    34.9951    34.9976 0.0000e+00
   1701.188   1443.670     4.2453     4.2438   3.340603   3.340671     1.8626     2.0905    27.7687    27.7708     4.1275     4.1260    1491.47    1491.46     5.5155    239.669     5.4545    237.016    34.9950    34.9973 0.0000e+00
   1702.188   1445.075     4.2426     4.2410   3.340392   3.340453     1.8624     2.0903    27.7688    27.7708     4.1247     4.1231    1491.48    1491.47     5.5179    239.773     5.4536    236.977    34.9947    34.9970 0.0000e+00
   1703.188   1446.290     4.2416     4.2401   3.340350   3.340420     1.8624     2.0899    27.7689    27.7709     4.1236     4.1221    1491.49    1491.49     5.5207    239.893     5.4520    236.908    34.9946    34.9970 0.0000e+00
   1704.188   1447.390     4.2407     4.2392   3.340308   3.340381     1.8625     2.0895    27.7689    27.7710     4.1226     4.1211    1491.51    1491.51     5.5223    239.964     5.4506    236.845    34.9945    34.9970 0.0000e+00
   1705.188   1448.449     4.2397     4.2382   3.340255   3.340334     1.8625     2.0890    27.7690    27.7711     4.1215     4.1200    1491.52    1491.52     5.5226    239.975     5.4499    236.817    34.9945    34.9969 0.0000e+00
   1706.188   1449.214     4.2391     4.2374   3.340219   3.340283     1.8625     2.0886    27.7690    27.7712     4.1208     4.1191    1491.53    1491.53     5.5203    239.877     5.4495    236.799    34.9943    34.9969 0.0000e+00
   1707.188   1449.740     4.2403     4.2372   3.340362   3.340279     1.8622     2.0882    27.7689    27.7711     4.1220     4.1189    1491.55    1491.54     5.5163    239.703     5.4483    236.747    34.9944    34.9967 0.0000e+00
   1708.188   1450.659     4.2385     4.2369   3.340245   3.340300     1.8618     2.0878    27.7692    27.7712     4.1201     4.1185    1491.55    1491.55     5.5142    239.610     5.4468    236.680    34.9945    34.9968 0.0000e+00
   1709.188   1452.094     4.2376     4.2359   3.340218   3.340284     1.8613     2.0873    27.7692    27.7715     4.1191     4.1174    1491.57    1491.57     5.5135    239.578     5.4465    236.669    34.9945    34.9970 0.0000e+00
   1710.188   1453.681     4.2361     4.2344   3.340154   3.340209     1.8609     2.0869    27.7694    27.7715     4.1175     4.1158    1491.59    1491.59     5.5144    239.619     5.4480    236.732    34.9945    34.9969 0.0000e+00
   1711.188   1454.996     4.2348     4.2333   3.340086   3.340157     1.8606     2.0866    27.7695    27.7716     4.1161     4.1145    1491.61    1491.61     5.5169    239.729     5.4509    236.861    34.9944    34.9968 0.0000e+00
   1712.188   1455.781     4.2345     4.2318   3.340063   3.340033     1.8605     2.0865    27.7693    27.7716     4.1156     4.1130    1491.62    1491.61     5.5189    239.814     5.4542    237.002    34.9941    34.9966 0.0000e+00
   1713.188   1456.229     4.2380     4.2324   3.340414   3.340100     1.8605     2.0866    27.7691    27.7715     4.1191     4.1135    1491.64    1491.62     5.5189    239.815     5.4560    237.082    34.9943    34.9965 0.0000e+00
   1714.188   1456.814     4.2365     4.2317   3.340322   3.340075     1.8604     2.0867    27.7694    27.7716     4.1176     4.1128    1491.65    1491.63     5.5190    239.820     5.4561    237.087    34.9944    34.9966 0.0000e+00
   1715.188   1457.671     4.2314     4.2299   3.339882   3.339958     1.8603     2.0867    27.7699    27.7719     4.1124     4.1109    1491.64    1491.64     5.5192    239.826     5.4558    237.071    34.9943    34.9968 0.0000e+00
   1716.188   1458.720     4.2298     4.2283   3.339783   3.339856     1.8601     2.0866    27.7700    27.7721     4.1108     4.1093    1491.65    1491.65     5.5182    239.785     5.4551    237.042    34.9943    34.9967 0.0000e+00
   1717.188   1460.078     4.2279     4.2264   3.339654   3.339721     1.8599     2.0864    27.7700    27.7721     4.1088     4.1072    1491.67    1491.66     5.5180    239.774     5.4546    237.018    34.9941    34.9965 0.0000e+00
   1718.188   1461.724     4.2258     4.2242   3.339534   3.339602     1.8597     2.0862    27.7703    27.7724     4.1065     4.1050    1491.69    1491.68     5.5186    239.800     5.4559    237.076    34.9942    34.9966 0.0000e+00
   1719.188   1463.360     4.2243     4.2227   3.339455   3.339506     1.8595     2.0861    27.7703    27.7723     4.1049     4.1033    1491.71    1491.70     5.5198    239.852     5.4592    237.219    34.9939    34.9962 0.0000e+00
   1720.188   1464.506     4.2228     4.2214   3.339350   3.339433     1.8593     2.0862    27.7704    27.7724     4.1033     4.1020    1491.72    1491.72     5.5210    239.905     5.4607    237.283    34.9938    34.9961 0.0000e+00
   1721.188   1464.931     4.2255     4.2218   3.339591   3.339449     1.8592     2.0861    27.7699    27.7721     4.1059     4.1023    1491.74    1491.72     5.5208    239.897     5.4584    237.187    34.9936    34.9958 0.0000e+00
   1722.188   1465.182     4.2250     4.2236   3.339596   3.339663     1.8591     2.0859    27.7703    27.7723     4.1054     4.1040    1491.74    1491.74     5.5201    239.868     5.4557    237.070    34.9940    34.9962 0.0000e+00
   1723.188   1466.024     4.2241     4.2220   3.339536   3.339540     1.8589     2.0856    27.7703    27.7723     4.1044     4.1024    1491.75    1491.74     5.5187    239.808     5.4573    237.138    34.9938    34.9961 0.0000e+00
   1724.188   1467.073     4.2217     4.2202   3.339350   3.339420     1.8586     2.0856    27.7705    27.7725     4.1019     4.1005    1491.76    1491.75     5.5177    239.764     5.4610    237.299    34.9937    34.9960 0.0000e+00
   1725.188   1467.938     4.2211     4.2196   3.339327   3.339401     1.8583     2.0857    27.7704    27.7725     4.1013     4.0999    1491.77    1491.77     5.5171    239.737     5.4639    237.425    34.9936    34.9960 0.0000e+00
   1726.188   1468.995     4.2209     4.2194   3.339364   3.339424     1.8580     2.0859    27.7706    27.7725     4.1010     4.0995    1491.79    1491.78     5.5170    239.734     5.4648    237.464    34.9938    34.9960 0.0000e+00
   1727.188   1470.506     4.2195     4.2181   3.339310   3.339377     1.8578     2.0859    27.7708    27.7727     4.0995     4.0981    1491.81    1491.80     5.5183    239.787     5.4652    237.479    34.9938    34.9960 0.0000e+00
   1728.188   1472.197     4.2181     4.2167   3.339240   3.339315     1.8576     2.0859    27.7708    27.7728     4.0980     4.0966    1491.83    1491.82     5.5191    239.822     5.4644    237.445    34.9936    34.9960 0.0000e+00
   1729.188   1473.664     4.2173     4.2158   3.339207   3.339284     1.8574     2.0858    27.7707    27.7729     4.0970     4.0955    1491.85    1491.85     5.5194    239.834     5.4630    237.385    34.9934    34.9958 0.0000e+00
   1730.188   1474.624     4.2169     4.2152   3.339201   3.339262     1.8572     2.0855    27.7707    27.7728     4.0966     4.0949    1491.86    1491.86     5.5202    239.872     5.4619    237.335    34.9932    34.9957 0.0000e+00
   1731.188   1474.987     4.2190     4.2157   3.339404   3.339289     1.8571     2.0852    27.7704    27.7725     4.0986     4.0953    1491.88    1491.87     5.5213    239.917     5.4618    237.332    34.9932    34.9954 0.0000e+00
   1732.188   1475.132     4.2192     4.2170   3.339434   3.339442     1.8571     2.0850    27.7705    27.7727     4.0987     4.0965    1491.88    1491.87     5.5228    239.986     5.4619    237.336    34.9933    34.9958 0.0000e+00
   1733.188   1475.712     4.2178     4.2155   3.339353   3.339345     1.8572     2.0849    27.7708    27.7729     4.0974     4.0951    1491.89    1491.88     5.5246    240.062     5.4623    237.356    34.9935    34.9958 0.0000e+00
   1734.188   1476.852     4.2150     4.2145   3.339148   3.339298     1.8573     2.0847    27.7712    27.7730     4.0944     4.0939    1491.89    1491.89     5.5266    240.148     5.4624    237.359    34.9936    34.9958 0.0000e+00
   1735.188   1478.221     4.2135     4.2120   3.339063   3.339131     1.8574     2.0845    27.7713    27.7732     4.0928     4.0914    1491.91    1491.91     5.5283    240.221     5.4621    237.347    34.9935    34.9958 0.0000e+00
   1736.188   1479.755     4.2083     4.2067   3.338649   3.338698     1.8575     2.0842    27.7717    27.7737     4.0876     4.0859    1491.91    1491.91     5.5300    240.298     5.4622    237.350    34.9933    34.9956 0.0000e+00
   1737.188   1481.383     4.2045     4.2024   3.338366   3.338387     1.8576     2.0839    27.7720    27.7741     4.0837     4.0816    1491.92    1491.92     5.5306    240.321     5.4630    237.383    34.9932    34.9956 0.0000e+00
   1738.188   1482.888     4.1933     4.1920   3.337350   3.337445     1.8575     2.0836    27.7725    27.7746     4.0724     4.0712    1491.90    1491.90     5.5320    240.382     5.4643    237.442    34.9924    34.9948 0.0000e+00
   1739.188   1483.853     4.1921     4.1896   3.337228   3.337214     1.8574     2.0833    27.7722    27.7743     4.0711     4.0687    1491.91    1491.90     5.5327    240.413     5.4646    237.453    34.9917    34.9942 0.0000e+00
   1740.188   1484.039     4.1983     4.1936   3.337804   3.337518     1.8574     2.0831    27.7716    27.7734     4.0772     4.0726    1491.94    1491.92     5.5322    240.392     5.4654    237.491    34.9919    34.9935 0.0000e+00
   1741.188   1483.966     4.2043     4.2010   3.338380   3.338262     1.8573     2.0830    27.7713    27.7734     4.0833     4.0799    1491.96    1491.95     5.5303    240.309     5.4660    237.517    34.9923    34.9944 0.0000e+00
   1742.188   1484.493     4.2048     4.1999   3.338526   3.338263     1.8572     2.0831    27.7720    27.7742     4.0837     4.0788    1491.98    1491.96     5.5291    240.259     5.4683    237.616    34.9932    34.9953 0.0000e+00
   1743.188   1485.940     4.1915     4.1885   3.337337   3.337255     1.8571     2.0832    27.7729    27.7749     4.0704     4.0674    1491.95    1491.94     5.5315    240.361     5.4711    237.735    34.9926    34.9947 0.0000e+00
   1744.188   1487.640     4.1867     4.1853   3.336913   3.336969     1.8569     2.0832    27.7728    27.7747     4.0655     4.0641    1491.95    1491.95     5.5326    240.409     5.4705    237.712    34.9918    34.9940 0.0000e+00
   1745.188   1489.190     4.1869     4.1854   3.336992   3.337037     1.8567     2.0830    27.7728    27.7747     4.0655     4.0640    1491.98    1491.98     5.5324    240.403     5.4690    237.644    34.9918    34.9939 0.0000e+00
   1746.188   1490.523     4.1870     4.1855   3.337062   3.337107     1.8565     2.0828    27.7728    27.7746     4.0655     4.0640    1492.00    1492.00     5.5313    240.353     5.4682    237.612    34.9918    34.9939 0.0000e+00
   1747.188   1491.687     4.1870     4.1855   3.337100   3.337165     1.8562     2.0825    27.7727    27.7747     4.0654     4.0640    1492.02    1492.02     5.5299    240.290     5.4690    237.643    34.9917    34.9940 0.0000e+00
   1748.188   1492.531     4.1872     4.1859   3.337143   3.337230     1.8558     2.0823    27.7727    27.7747     4.0655     4.0642    1492.04    1492.03     5.5292    240.261     5.4708    237.723    34.9916    34.9940 0.0000e+00
   1749.188   1493.044     4.1888     4.1859   3.337312   3.337258     1.8555     2.0823    27.7725    27.7747     4.0671     4.0642    1492.05    1492.04     5.5288    240.244     5.4714    237.751    34.9916    34.9940 0.0000e+00
   1750.188   1493.708     4.1869     4.1852   3.337202   3.337243     1.8553     2.0822    27.7731    27.7750     4.0651     4.0634    1492.05    1492.05     5.5304    240.314     5.4706    237.715    34.9920    34.9943 0.0000e+00
   1751.188   1494.772     4.1789     4.1780   3.336488   3.336612     1.8552     2.0820    27.7735    27.7755     4.0571     4.0562    1492.04    1492.04     5.5345    240.493     5.4704    237.704    34.9916    34.9939 0.0000e+00
   1752.188   1495.876     4.1712     4.1701   3.335774   3.335883     1.8553     2.0818    27.7737    27.7757     4.0494     4.0483    1492.02    1492.02     5.5384    240.662     5.4718    237.766    34.9908    34.9932 0.0000e+00
   1753.188   1496.714     4.1653     4.1641   3.335240   3.335336     1.8555     2.0816    27.7740    27.7760     4.0434     4.0423    1492.01    1492.01     5.5412    240.783     5.4738    237.855    34.9903    34.9927 0.0000e+00
