data/raw_ctdtime/AB1502_time_053.cnv
* Sea-Bird SBE 9 Data File:
* FileName = D:\ctd\raw\ab1502_053.hex
* Software Version Seasave V 7.23.2
* Temperature SN = 2958
* Conductivity SN = 3860
* Number of Bytes Per Scan = 41
* Number of Voltage Words = 4
* Number of Scans Averaged by the Deck Unit = 1
* NMEA Latitude = 26 02.91 N
* NMEA Longitude = 079 13.99 W
* NMEA UTC (Time) = Feb 26 2015 15:15:07
# nquan = 21
# nvalues = 1291                        
# units = specified
# name 0 = timeS: Time, Elapsed [seconds]
# name 1 = prDM: Pressure, Digiquartz [db]
# name 2 = t090C: Temperature [ITS-90, deg C]
# name 3 = t190C: Temperature, 2 [ITS-90, deg C]
# name 4 = c0S/m: Conductivity [S/m]
# name 5 = c1S/m: Conductivity, 2 [S/m]
# name 6 = sbeox0V: Oxygen raw, SBE 43 [V]
# name 7 = sbeox1V: Oxygen raw, SBE 43, 2 [V]
# name 8 = sigma-é00: Density [sigma-theta, kg/m^3]
# name 9 = sigma-é11: Density, 2 [sigma-theta, kg/m^3]
# name 10 = potemp090C: Potential Temperature [ITS-90, deg C]
# name 11 = potemp190C: Potential Temperature, 2 [ITS-90, deg C]
# name 12 = svCM: Sound Velocity [Chen-Millero, m/s]
# name 13 = svCM1: Sound Velocity, 2 [Chen-Millero, m/s]
# name 14 = sbeox0ML/L: Oxygen, SBE 43 [ml/l]
# name 15 = sbeox0Mm/Kg: Oxygen, SBE 43 [umol/kg]
# name 16 = sbeox1ML/L: Oxygen, SBE 43, 2 [ml/l]
# name 17 = sbeox1Mm/Kg: Oxygen, SBE 43, 2 [umol/kg]
# name 18 = sal00: Salinity, Practical [PSU]
# name 19 = sal11: Salinity, Practical, 2 [PSU]
# name 20 = flag:
# span 0 =    168.646,   1458.333       
# span 1 =      0.381,    317.187       
# span 2 =    18.5835,    25.1917       
# span 3 =    18.5822,    25.1915       
# span 4 =   4.848326,   5.507017       
# span 5 =   4.848202,   5.506860       
# span 6 =     2.0252,     2.5597       
# span 7 =     2.2721,     2.8449       
# span 8 =    22.1224,    26.3443       
# span 9 =    23.2194,    26.3447       
# span 10 =    18.5271,    25.1890      
# span 11 =    18.5258,    25.1884      
# span 12 =    1524.21,    1537.40      
# span 13 =    1524.19,    1537.38      
# span 14 =     3.8013,     4.5154      
# span 15 =    165.538,    197.296      
# span 16 =     3.7970,     4.4029      
# span 17 =    165.347,    192.373      
# span 18 =    33.4376,    36.7990      
# span 19 =    34.9138,    36.7996      
# span 20 = 0.0000e+00, 0.0000e+00      
# interval = seconds: 1                 
# start_time = Feb 26 2015 15:15:07 [NMEA time, header]
# bad_flag = -9.990e-29
*END*
[from data line 276]
    444.646    198.890    21.4371    21.4367   5.171394   5.171373     2.1329     2.3868    25.7477    25.7480    21.3981    21.3977    1530.68    1530.68     3.8359    167.009     3.8257    166.569    36.7904    36.7906 0.0000e+00
    445.646    199.935    21.4031    21.4046   5.168139   5.168353     2.1333     2.3876    25.7593    25.7592    21.3639    21.3654    1530.61    1530.61     3.8430    167.319     3.8317    166.827    36.7932    36.7935 0.0000e+00
    446.646    200.893    21.3573    21.3558   5.163604   5.163515     2.1346     2.3888    25.7740    25.7748    21.3180    21.3165    1530.51    1530.50     3.8512    167.671     3.8382    167.106    36.7957    36.7963 0.0000e+00
    447.646    201.590    21.3784    21.3499   5.165539   5.162595     2.1360     2.3900    25.7660    25.7745    21.3389    21.3105    1530.57    1530.50     3.8538    167.789     3.8413    167.244    36.7929    36.7937 0.0000e+00
    448.646    202.147    21.3277    21.3307   5.160509   5.160855     2.1375     2.3913    25.7823    25.7816    21.2882    21.2912    1530.45    1530.46     3.8601    168.060     3.8452    167.410    36.7958    36.7960 0.0000e+00
    449.646    202.853    21.3126    21.3121   5.158869   5.158735     2.1383     2.3922    25.7862    25.7858    21.2730    21.2725    1530.42    1530.42     3.8612    168.107     3.8473    167.501    36.7953    36.7947 0.0000e+00
    450.646    203.799    21.2944    21.2968   5.156937   5.157399     2.1383     2.3922    25.7910    25.7916    21.2547    21.2570    1530.39    1530.40     3.8609    168.091     3.8468    167.479    36.7951    36.7968 0.0000e+00
    451.646    204.776    21.2171    21.2208   5.148538   5.149166     2.1377     2.3915    25.8113    25.8117    21.1773    21.1809    1530.20    1530.21     3.8638    168.217     3.8495    167.595    36.7936    36.7955 0.0000e+00
    452.646    205.601    21.1689    21.1719   5.143919   5.144218     2.1367     2.3905    25.8277    25.8267    21.1289    21.1319    1530.09    1530.09     3.8653    168.276     3.8512    167.663    36.7976    36.7974 0.0000e+00
    453.646    206.282    21.1599    21.1602   5.143073   5.143015     2.1362     2.3900    25.8307    25.8301    21.1198    21.1201    1530.07    1530.07     3.8678    168.386     3.8530    167.744    36.7983    36.7976 0.0000e+00
    454.646    206.899    21.1488    21.1493   5.142003   5.142131     2.1368     2.3904    25.8343    25.8347    21.1086    21.1091    1530.06    1530.06     3.8723    168.584     3.8558    167.864    36.7990    36.7996 0.0000e+00
    455.646    207.560    21.0878    21.0894   5.134972   5.135414     2.1376     2.3909    25.8478    25.8490    21.0476    21.0491    1529.90    1529.90     3.8785    168.848     3.8603    168.055    36.7946    36.7968 0.0000e+00
    456.646    208.300    21.0506    21.0520   5.130363   5.130655     2.1378     2.3906    25.8539    25.8544    21.0103    21.0117    1529.80    1529.81     3.8793    168.881     3.8607    168.072    36.7892    36.7903 0.0000e+00
    457.646    209.159    20.9967    20.9989   5.124003   5.124669     2.1369     2.3894    25.8647    25.8668    20.9563    20.9585    1529.67    1529.68     3.8783    168.839     3.8602    168.050    36.7839    36.7874 0.0000e+00
    458.646    210.192    20.9113    20.9043   5.114549   5.114011     2.1350     2.3874    25.8857    25.8889    20.8707    20.8638    1529.45    1529.44     3.8774    168.797     3.8614    168.097    36.7808    36.7824 0.0000e+00
    459.646    211.058    20.8740    20.8625   5.110536   5.109462     2.1322     2.3849    25.8954    25.8995    20.8334    20.8219    1529.37    1529.34     3.8725    168.580     3.8590    167.993    36.7801    36.7813 0.0000e+00
    460.646    211.663    20.8760    20.8671   5.111088   5.109811     2.1296     2.3828    25.8969    25.8973    20.8353    20.8264    1529.38    1529.36     3.8683    168.397     3.8561    167.866    36.7826    36.7800 0.0000e+00
    461.646    212.397    20.8355    20.8365   5.106656   5.106848     2.1280     2.3816    25.9070    25.9073    20.7947    20.7957    1529.29    1529.29     3.8705    168.493     3.8577    167.932    36.7814    36.7821 0.0000e+00
    462.646    213.381    20.8274    20.8265   5.105699   5.105524     2.1270     2.3809    25.9085    25.9082    20.7863    20.7855    1529.28    1529.28     3.8710    168.513     3.8578    167.937    36.7804    36.7796 0.0000e+00
    463.646    214.262    20.8237    20.8240   5.105317   5.105280     2.1265     2.3800    25.9093    25.9088    20.7826    20.7829    1529.28    1529.28     3.8713    168.527     3.8555    167.839    36.7801    36.7795 0.0000e+00
    464.646    214.935    20.8222    20.8223   5.105164   5.105126     2.1260     2.3787    25.9096    25.9093    20.7809    20.7810    1529.29    1529.29     3.8687    168.412     3.8526    167.710    36.7799    36.7795 0.0000e+00
    465.646    215.553    20.8133    20.8137   5.103974   5.104058     2.1246     2.3773    25.9104    25.9105    20.7719    20.7723    1529.28    1529.28     3.8643    168.221     3.8513    167.656    36.7777    36.7780 0.0000e+00
    466.646    216.192    20.8104    20.8106   5.103630   5.103648     2.1228     2.3764    25.9109    25.9108    20.7689    20.7691    1529.28    1529.28     3.8603    168.047     3.8504    167.615    36.7772    36.7772 0.0000e+00
    467.646    216.959    20.7993    20.8004   5.102235   5.102426     2.1212     2.3755    25.9124    25.9125    20.7577    20.7588    1529.26    1529.26     3.8588    167.982     3.8492    167.563    36.7752    36.7758 0.0000e+00
    468.646    217.869    20.7836    20.7834   5.100398   5.100405     2.1201     2.3745    25.9154    25.9156    20.7418    20.7416    1529.23    1529.23     3.8591    167.992     3.8488    167.544    36.7735    36.7737 0.0000e+00
    469.646    218.706    20.7635    20.7643   5.098073   5.098294     2.1193     2.3735    25.9196    25.9202    20.7216    20.7224    1529.19    1529.19     3.8593    168.002     3.8486    167.537    36.7717    36.7728 0.0000e+00
    470.646    219.477    20.7443    20.7423   5.095901   5.095677     2.1184     2.3727    25.9238    25.9243    20.7023    20.7002    1529.15    1529.14     3.8585    167.965     3.8487    167.539    36.7704    36.7703 0.0000e+00
    471.646    220.353    20.7221    20.7226   5.093436   5.093565     2.1174     2.3718    25.9290    25.9294    20.6799    20.6804    1529.10    1529.10     3.8577    167.932     3.8482    167.516    36.7692    36.7699 0.0000e+00
    472.646    221.296    20.7111    20.7106   5.092168   5.092084     2.1164     2.3707    25.9312    25.9311    20.6688    20.6683    1529.08    1529.08     3.8572    167.907     3.8468    167.457    36.7681    36.7679 0.0000e+00
    473.646    222.132    20.7098    20.7084   5.092103   5.091933     2.1156     2.3695    25.9319    25.9320    20.6672    20.6659    1529.09    1529.09     3.8565    167.879     3.8448    167.368    36.7685    36.7682 0.0000e+00
    474.646    222.759    20.7056    20.7073   5.091653   5.091787     2.1150     2.3684    25.9328    25.9321    20.6629    20.6646    1529.09    1529.10     3.8555    167.835     3.8434    167.309    36.7682    36.7678 0.0000e+00
    475.646    223.274    20.6634    20.6740   5.086853   5.088394     2.1142     2.3675    25.9422    25.9419    20.6207    20.6313    1528.99    1529.02     3.8558    167.846     3.8439    167.328    36.7655    36.7689 0.0000e+00
    476.646    223.996    20.6237    20.6263   5.082236   5.082710     2.1130     2.3665    25.9503    25.9509    20.5810    20.5836    1528.89    1528.89     3.8553    167.823     3.8445    167.354    36.7620    36.7636 0.0000e+00
    477.646    224.918    20.5875    20.5882   5.078074   5.078279     2.1117     2.3650    25.9580    25.9587    20.5446    20.5453    1528.80    1528.80     3.8548    167.801     3.8438    167.322    36.7591    36.7602 0.0000e+00
    478.646    225.735    20.5748    20.5741   5.076571   5.076456     2.1101     2.3634    25.9603    25.9603    20.5318    20.5310    1528.78    1528.77     3.8510    167.635     3.8420    167.243    36.7576    36.7573 0.0000e+00
    479.646    226.497    20.5627    20.5647   5.075166   5.075480     2.1080     2.3621    25.9627    25.9627    20.5195    20.5216    1528.76    1528.76     3.8458    167.407     3.8407    167.183    36.7564    36.7571 0.0000e+00
    480.646    227.375    20.4846    20.4973   5.066304   5.068296     2.1057     2.3609    25.9801    25.9806    20.4414    20.4541    1528.55    1528.59     3.8465    167.433     3.8428    167.275    36.7515    36.7567 0.0000e+00
    481.646    228.217    20.4611    20.4555   5.063528   5.063015     2.1037     2.3595    25.9845    25.9865    20.4178    20.4122    1528.50    1528.49     3.8456    167.394     3.8431    167.285    36.7489    36.7495 0.0000e+00
    482.646    228.982    20.4258    20.4270   5.059485   5.059673     2.1025     2.3581    25.9920    25.9920    20.3824    20.3836    1528.41    1528.42     3.8477    167.487     3.8422    167.244    36.7462    36.7467 0.0000e+00
    483.646    229.750    20.4325    20.4322   5.060270   5.060229     2.1016     2.3566    25.9905    25.9905    20.3889    20.3886    1528.44    1528.44     3.8457    167.398     3.8391    167.113    36.7466    36.7464 0.0000e+00
    484.646    230.636    20.4034    20.3991   5.056997   5.056588     2.1006     2.3553    25.9970    25.9985    20.3597    20.3554    1528.38    1528.37     3.8449    167.362     3.8386    167.088    36.7447    36.7451 0.0000e+00
    485.646    231.516    20.4114    20.4095   5.058018   5.057521     2.0994     2.3536    25.9956    25.9943    20.3676    20.3657    1528.42    1528.41     3.8418    167.226     3.8344    166.906    36.7457    36.7433 0.0000e+00
    486.646    232.328    20.3974    20.4036   5.056427   5.057234     2.0982     2.3520    25.9986    25.9978    20.3534    20.3596    1528.39    1528.41     3.8405    167.172     3.8326    166.828    36.7446    36.7458 0.0000e+00
    487.646    233.158    20.3947    20.3946   5.056125   5.056143     2.0971     2.3510    25.9991    25.9992    20.3505    20.3504    1528.40    1528.40     3.8385    167.085     3.8326    166.825    36.7442    36.7444 0.0000e+00
    488.646    233.911    20.3895    20.3859   5.055503   5.055091     2.0961     2.3502    25.9999    26.0006    20.3452    20.3416    1528.39    1528.38     3.8378    167.054     3.8317    166.789    36.7434    36.7431 0.0000e+00
    489.646    234.550    20.3843    20.3851   5.055057   5.055123     2.0954     2.3492    26.0017    26.0014    20.3399    20.3407    1528.39    1528.39     3.8368    167.009     3.8296    166.695    36.7440    36.7438 0.0000e+00
    490.646    235.271    20.3458    20.3497   5.050659   5.051385     2.0946     2.3481    26.0099    26.0109    20.3013    20.3052    1528.29    1528.31     3.8378    167.049     3.8295    166.690    36.7412    36.7437 0.0000e+00
    491.646    236.255    20.3206    20.3222   5.047712   5.047902     2.0938     2.3467    26.0148    26.0145    20.2760    20.2775    1528.24    1528.24     3.8394    167.118     3.8285    166.647    36.7386    36.7388 0.0000e+00
    492.646    237.261    20.3142    20.3135   5.047033   5.046950     2.0935     2.3452    26.0163    26.0164    20.2694    20.2687    1528.24    1528.24     3.8402    167.155     3.8260    166.537    36.7382    36.7381 0.0000e+00
    493.646    237.959    20.3157    20.3087   5.047120   5.046340     2.0932     2.3437    26.0152    26.0170    20.2708    20.2637    1528.25    1528.23     3.8389    167.098     3.8239    166.445    36.7373    36.7371 0.0000e+00
    494.646    238.497    20.3133    20.3063   5.046892   5.046156     2.0924     2.3424    26.0160    26.0179    20.2682    20.2613    1528.25    1528.24     3.8361    166.976     3.8219    166.358    36.7374    36.7374 0.0000e+00
    495.646    239.275    20.2542    20.2613   5.040152   5.041434     2.0913     2.3412    26.0287    26.0301    20.2091    20.2161    1528.10    1528.13     3.8372    167.024     3.8228    166.394    36.7332    36.7376 0.0000e+00
    496.646    240.347    20.2231    20.2251   5.036522   5.036813     2.0901     2.3401    26.0347    26.0347    20.1778    20.1798    1528.03    1528.04     3.8368    167.005     3.8238    166.437    36.7302    36.7308 0.0000e+00
    497.646    241.361    20.2025    20.2034   5.034119   5.034296     2.0888     2.3391    26.0386    26.0389    20.1571    20.1580    1527.99    1527.99     3.8354    166.941     3.8236    166.427    36.7280    36.7287 0.0000e+00
    498.646    242.071    20.2023    20.1883   5.033957   5.032374     2.0874     2.3380    26.0376    26.0407    20.1567    20.1428    1528.00    1527.96     3.8322    166.804     3.8226    166.385    36.7266    36.7257 0.0000e+00
    499.646    242.620    20.1899    20.1890   5.032555   5.032461     2.0860     2.3369    26.0403    26.0405    20.1442    20.1433    1527.97    1527.97     3.8305    166.727     3.8206    166.299    36.7257    36.7257 0.0000e+00
    500.646    243.274    20.1860    20.1850   5.032155   5.032002     2.0850     2.3360    26.0412    26.0412    20.1402    20.1392    1527.97    1527.97     3.8299    166.703     3.8195    166.252    36.7255    36.7252 0.0000e+00
    501.646    244.214    20.1845    20.1833   5.032013   5.031878     2.0843     2.3352    26.0415    26.0418    20.1386    20.1373    1527.98    1527.98     3.8295    166.685     3.8185    166.204    36.7253    36.7253 0.0000e+00
    502.646    245.215    20.1822    20.1808   5.031721   5.031541     2.0838     2.3343    26.0416    26.0418    20.1360    20.1346    1527.99    1527.99     3.8295    166.685     3.8174    166.160    36.7246    36.7243 0.0000e+00
    503.646    245.911    20.1846    20.1796   5.032005   5.031356     2.0834     2.3336    26.0410    26.0416    20.1383    20.1333    1528.01    1528.00     3.8288    166.655     3.8167    166.128    36.7245    36.7236 0.0000e+00
    504.646    246.515    20.1774    20.1755   5.031143   5.030903     2.0829     2.3332    26.0421    26.0424    20.1310    20.1292    1528.00    1528.00     3.8275    166.597     3.8170    166.142    36.7235    36.7231 0.0000e+00
    505.646    247.472    20.1669    20.1665   5.029886   5.029898     2.0821     2.3329    26.0438    26.0442    20.1204    20.1200    1527.99    1527.99     3.8267    166.564     3.8177    166.172    36.7220    36.7224 0.0000e+00
    506.646    248.537    20.1504    20.1494   5.027918   5.027859     2.0816     2.3326    26.0466    26.0472    20.1037    20.1027    1527.96    1527.95     3.8283    166.630     3.8186    166.208    36.7198    36.7202 0.0000e+00
    507.646    249.374    20.1417    20.1418   5.026947   5.027037     2.0814     2.3323    26.0484    26.0489    20.0949    20.0950    1527.95    1527.95     3.8300    166.707     3.8189    166.224    36.7190    36.7197 0.0000e+00
    508.646    250.177    20.1231    20.1188   5.024761   5.024345     2.0815     2.3321    26.0518    26.0532    20.0762    20.0719    1527.91    1527.89     3.8327    166.823     3.8202    166.277    36.7170    36.7173 0.0000e+00
    509.646    251.044    20.0919    20.0904   5.021202   5.021125     2.0817     2.3317    26.0583    26.0593    20.0448    20.0433    1527.83    1527.83     3.8356    166.947     3.8217    166.342    36.7146    36.7153 0.0000e+00
    510.646    251.735    20.0784    20.0702   5.019571   5.018775     2.0817     2.3313    26.0605    26.0632    20.0312    20.0230    1527.80    1527.78     3.8363    166.977     3.8222    166.365    36.7127    36.7133 0.0000e+00
    511.646    252.285    20.0648    20.0632   5.018142   5.017963     2.0814     2.3308    26.0641    26.0644    20.0175    20.0160    1527.77    1527.77     3.8361    166.970     3.8219    166.352    36.7126    36.7125 0.0000e+00
