data/raw_ctdtime/AB1502_time_053.cnv
* Sea-Bird SBE 9 Data File:
* FileName = D:\ctd\raw\ab1502_053.hex
* Software Version Seasave V 7.23.2
* Temperature SN = 2958
* Conductivity SN = 3860
* Number of Bytes Per Scan = 41
* Number of Voltage Words = 4
* Number of Scans Averaged by the Deck Unit = 1
* NMEA Latitude = 26 02.91 N
* NMEA Longitude = 079 13.99 W
* NMEA UTC (Time) = Feb 26 2015 15:15:07
# nquan = 21
# nvalues = 1291                        
# units = specified
# name 0 = timeS: Time, Elapsed [seconds]
# name 1 = prDM: Pressure, Digiquartz [db]
# name 2 = t090C: Temperature [ITS-90, deg C]
# name 3 = t190C: Temperature, 2 [ITS-90, deg C]
# name 4 = c0S/m: Conductivity [S/m]
# name 5 = c1S/m: Conductivity, 2 [S/m]
# name 6 = sbeox0V: Oxygen raw, SBE 43 [V]
# name 7 = sbeox1V: Oxygen raw, SBE 43, 2 [V]
# name 8 = sigma-é00: Density [sigma-theta, kg/m^3]
# name 9 = sigma-é11: Density, 2 [sigma-theta, kg/m^3]
# name 10 = potemp090C: Potential Temperature [ITS-90, deg C]
# name 11 = potemp190C: Potential Temperature, 2 [ITS-90, deg C]
# name 12 = svCM: Sound Velocity [Chen-Millero, m/s]
# name 13 = svCM1: Sound Velocity, 2 [Chen-Millero, m/s]
# name 14 = sbeox0ML/L: Oxygen, SBE 43 [ml/l]
# name 15 = sbeox0Mm/Kg: Oxygen, SBE 43 [umol/kg]
# name 16 = sbeox1ML/L: Oxygen, SBE 43, 2 [ml/l]
# name 17 = sbeox1Mm/Kg: Oxygen, SBE 43, 2 [umol/kg]
# name 18 = sal00: Salinity, Practical [PSU]
# name 19 = sal11: Salinity, Practical, 2 [PSU]
# name 20 = flag:
# span 0 =    168.646,   1458.333       
# span 1 =      0.381,    317.187       
# span 2 =    18.5835,    25.1917       
# span 3 =    18.5822,    25.1915       
# span 4 =   4.848326,   5.507017       
# span 5 =   4.848202,   5.506860       
# span 6 =     2.0252,     2.5597       
# span 7 =     2.2721,     2.8449       
# span 8 =    22.1224,    26.3443       
# span 9 =    23.2194,    26.3447       
# span 10 =    18.5271,    25.1890      
# span 11 =    18.5258,    25.1884      
# span 12 =    1524.21,    1537.40      
# span 13 =    1524.19,    1537.38      
# span 14 =     3.8013,     4.5154      
# span 15 =    165.538,    197.296      
# span 16 =     3.7970,     4.4029      
# span 17 =    165.347,    192.373      
# span 18 =    33.4376,    36.7990      
# span 19 =    34.9138,    36.7996      
# span 20 = 0.0000e+00, 0.0000e+00      
# interval = seconds: 1                 
# start_time = Feb 26 2015 15:15:07 [NMEA time, header]
# bad_flag = -9.990e-29
*END*
[from data line 483]
    651.646    316.999    18.6257    18.6266   4.853411   4.853580     2.0283     2.2736    26.3379    26.3382    18.5693    18.5701    1524.66    1524.66     3.8433    167.238     3.8271    166.530    36.5777    36.5784 0.0000e+00
    652.646    316.635    18.6312    18.6170   4.853961   4.852480     2.0282     2.2734    26.3364    26.3400    18.5748    18.5606    1524.67    1524.63     3.8426    167.206     3.8271    166.530    36.5777    36.5777 0.0000e+00
    653.646    316.469    18.6196    18.6080   4.852597   4.851262     2.0282     2.2732    26.3384    26.3405    18.5633    18.5517    1524.63    1524.60     3.8436    167.251     3.8276    166.555    36.5764    36.5754 0.0000e+00
    654.646    316.391    18.6147    18.6075   4.852046   4.851206     2.0282     2.2732    26.3395    26.3407    18.5584    18.5512    1524.62    1524.59     3.8430    167.226     3.8276    166.554    36.5762    36.5754 0.0000e+00
    655.646    316.545    18.6100    18.6106   4.851459   4.851541     2.0279     2.2732    26.3400    26.3399    18.5537    18.5543    1524.60    1524.61     3.8418    167.171     3.8274    166.545    36.5753    36.5754 0.0000e+00
    656.646    316.817    18.6079    18.6093   4.851226   4.851414     2.0274     2.2731    26.3404    26.3402    18.5515    18.5530    1524.60    1524.61     3.8405    167.113     3.8273    166.541    36.5751    36.5754 0.0000e+00
    657.646    316.898    18.6083    18.6090   4.851308   4.851418     2.0269     2.2730    26.3405    26.3406    18.5519    18.5526    1524.60    1524.61     3.8400    167.094     3.8268    166.520    36.5754    36.5757 0.0000e+00
    658.646    316.773    18.6072    18.6134   4.851224   4.851843     2.0268     2.2727    26.3410    26.3393    18.5508    18.5570    1524.60    1524.62     3.8408    167.126     3.8259    166.478    36.5757    36.5755 0.0000e+00
    659.646    316.757    18.6087    18.6103   4.851288   4.851579     2.0267     2.2726    26.3400    26.3404    18.5523    18.5539    1524.60    1524.61     3.8399    167.089     3.8267    166.512    36.5749    36.5760 0.0000e+00
    660.646    316.811    18.6088    18.6106   4.851317   4.851486     2.0264     2.2729    26.3401    26.3396    18.5525    18.5542    1524.60    1524.61     3.8380    167.007     3.8281    166.577    36.5750    36.5749 0.0000e+00
    661.646    316.867    18.6102    18.6141   4.851446   4.852057     2.0259     2.2734    26.3397    26.3399    18.5538    18.5577    1524.61    1524.62     3.8369    166.958     3.8290    166.614    36.5749    36.5766 0.0000e+00
    662.646    316.738    18.6106    18.6107   4.851495   4.851538     2.0255     2.2738    26.3396    26.3398    18.5542    18.5543    1524.61    1524.61     3.8364    166.937     3.8296    166.642    36.5750    36.5753 0.0000e+00
    663.646    316.291    18.6114    18.6134   4.851583   4.851833     2.0253     2.2739    26.3395    26.3393    18.5551    18.5571    1524.60    1524.61     3.8364    166.936     3.8292    166.623    36.5752    36.5755 0.0000e+00
    664.646    315.717    18.6123    18.6149   4.851633   4.851992     2.0254     2.2740    26.3391    26.3391    18.5561    18.5587    1524.60    1524.60     3.8379    167.004     3.8286    166.599    36.5750    36.5758 0.0000e+00
    665.646    315.278    18.6164    18.6171   4.852093   4.852240     2.0260     2.2740    26.3385    26.3387    18.5602    18.5610    1524.60    1524.60     3.8409    167.135     3.8284    166.588    36.5755    36.5761 0.0000e+00
    666.646    314.947    18.6170    18.6175   4.852174   4.852257     2.0271     2.2741    26.3385    26.3386    18.5609    18.5614    1524.60    1524.60     3.8445    167.289     3.8286    166.596    36.5758    36.5761 0.0000e+00
    667.646    314.481    18.6180    18.6194   4.852252   4.852429     2.0282     2.2742    26.3382    26.3381    18.5620    18.5634    1524.59    1524.60     3.8458    167.344     3.8286    166.596    36.5758    36.5760 0.0000e+00
    668.646    313.849    18.6260    18.6245   4.853117   4.852994     2.0287     2.2743    26.3365    26.3371    18.5701    18.5686    1524.61    1524.60     3.8443    167.280     3.8281    166.575    36.5762    36.5765 0.0000e+00
    669.646    313.160    18.6348    18.6301   4.854164   4.853639     2.0289     2.2744    26.3352    26.3362    18.5790    18.5744    1524.62    1524.61     3.8430    167.223     3.8272    166.535    36.5775    36.5772 0.0000e+00
    670.646    312.486    18.6361    18.6333   4.854351   4.854023     2.0290     2.2743    26.3354    26.3359    18.5804    18.5776    1524.61    1524.61     3.8429    167.219     3.8263    166.497    36.5782    36.5780 0.0000e+00
    671.646    311.830    18.6323    18.6326   4.853910   4.853927     2.0291     2.2742    26.3362    26.3361    18.5768    18.5770    1524.59    1524.59     3.8433    167.235     3.8258    166.477    36.5781    36.5780 0.0000e+00
    672.646    311.165    18.6371    18.6299   4.854322   4.853614     2.0294     2.2742    26.3346    26.3367    18.5817    18.5745    1524.59    1524.57     3.8438    167.260     3.8265    166.507    36.5776    36.5780 0.0000e+00
    673.646    310.584    18.6429    18.6327   4.854958   4.853872     2.0297     2.2746    26.3335    26.3359    18.5876    18.5774    1524.60    1524.57     3.8442    167.276     3.8274    166.546    36.5780    36.5779 0.0000e+00
    674.646    309.898    18.6448    18.6386   4.855202   4.854530     2.0300     2.2750    26.3335    26.3348    18.5896    18.5834    1524.60    1524.58     3.8436    167.249     3.8274    166.546    36.5787    36.5785 0.0000e+00
    675.646    309.025    18.6454    18.6417   4.855298   4.854925     2.0300     2.2753    26.3337    26.3348    18.5903    18.5866    1524.58    1524.57     3.8423    167.195     3.8273    166.543    36.5793    36.5794 0.0000e+00
    676.646    308.285    18.6471    18.6409   4.855484   4.854783     2.0299     2.2757    26.3336    26.3348    18.5921    18.5860    1524.58    1524.56     3.8412    167.147     3.8283    166.586    36.5797    36.5792 0.0000e+00
    677.646    307.890    18.6476    18.6462   4.855559   4.855349     2.0297     2.2762    26.3336    26.3336    18.5928    18.5913    1524.57    1524.57     3.8410    167.136     3.8290    166.613    36.5799    36.5795 0.0000e+00
    678.646    307.455    18.6494    18.6466   4.855656   4.855450     2.0298     2.2767    26.3327    26.3340    18.5946    18.5918    1524.57    1524.56     3.8417    167.167     3.8300    166.661    36.5794    36.5801 0.0000e+00
    679.646    306.696    18.6514    18.6456   4.855883   4.855238     2.0301     2.2774    26.3325    26.3337    18.5967    18.5910    1524.56    1524.55     3.8421    167.186     3.8312    166.713    36.5798    36.5795 0.0000e+00
    680.646    305.776    18.6551    18.6537   4.856308   4.856135     2.0302     2.2779    26.3320    26.3322    18.6006    18.5993    1524.56    1524.56     3.8404    167.110     3.8314    166.719    36.5805    36.5802 0.0000e+00
    681.646    305.033    18.6578    18.6560   4.856623   4.856455     2.0299     2.2785    26.3317    26.3323    18.6035    18.6016    1524.56    1524.55     3.8384    167.025     3.8320    166.744    36.5810    36.5812 0.0000e+00
    682.646    304.451    18.6567    18.6558   4.856470   4.856410     2.0297     2.2790    26.3319    26.3323    18.6024    18.6015    1524.54    1524.54     3.8380    167.009     3.8326    166.774    36.5810    36.5812 0.0000e+00
    683.646    303.798    18.6588    18.6567   4.856625   4.856430     2.0295     2.2793    26.3311    26.3318    18.6046    18.6025    1524.54    1524.53     3.8376    166.990     3.8326    166.771    36.5807    36.5809 0.0000e+00
    684.646    303.046    18.6614    18.6598   4.856905   4.856791     2.0296     2.2796    26.3307    26.3314    18.6074    18.6058    1524.53    1524.53     3.8382    167.015     3.8325    166.768    36.5810    36.5814 0.0000e+00
    685.646    302.229    18.6649    18.6631   4.857303   4.857102     2.0299     2.2799    26.3302    26.3305    18.6110    18.6093    1524.53    1524.52     3.8396    167.076     3.8328    166.779    36.5816    36.5814 0.0000e+00
    686.646    301.377    18.6726    18.6668   4.858167   4.857526     2.0305     2.2802    26.3288    26.3300    18.6189    18.6131    1524.54    1524.52     3.8409    167.136     3.8325    166.768    36.5824    36.5820 0.0000e+00
    687.646    300.602    18.6765    18.6716   4.858627   4.858018     2.0314     2.2803    26.3284    26.3290    18.6229    18.6180    1524.54    1524.52     3.8432    167.235     3.8316    166.727    36.5831    36.5823 0.0000e+00
    688.646    299.970    18.6789    18.6761   4.858863   4.858542     2.0324     2.2803    26.3278    26.3283    18.6254    18.6226    1524.53    1524.53     3.8450    167.314     3.8308    166.694    36.5833    36.5830 0.0000e+00
    689.646    299.381    18.6787    18.6796   4.858844   4.858946     2.0331     2.2804    26.3280    26.3278    18.6253    18.6262    1524.52    1524.53     3.8455    167.336     3.8314    166.722    36.5835    36.5835 0.0000e+00
    690.646    298.746    18.6813    18.6829   4.859049   4.859337     2.0336     2.2810    26.3271    26.3274    18.6280    18.6297    1524.52    1524.53     3.8460    167.355     3.8328    166.780    36.5832    36.5841 0.0000e+00
    691.646    297.865    18.6844    18.6821   4.859420   4.859225     2.0341     2.2816    26.3268    26.3277    18.6313    18.6289    1524.52    1524.51     3.8458    167.348     3.8334    166.809    36.5838    36.5843 0.0000e+00
    692.646    296.814    18.6851    18.6818   4.859476   4.859104     2.0342     2.2820    26.3268    26.3275    18.6321    18.6288    1524.50    1524.49     3.8446    167.297     3.8337    166.820    36.5841    36.5839 0.0000e+00
    693.646    295.969    18.6877    18.6856   4.859746   4.859537     2.0342     2.2824    26.3263    26.3269    18.6349    18.6328    1524.49    1524.49     3.8439    167.263     3.8343    166.849    36.5844    36.5845 0.0000e+00
    694.646    295.339    18.6881    18.6871   4.859792   4.859696     2.0342     2.2831    26.3264    26.3267    18.6354    18.6344    1524.49    1524.48     3.8433    167.238     3.8356    166.905    36.5847    36.5848 0.0000e+00
    695.646    294.725    18.6886    18.6868   4.859824   4.859636     2.0341     2.2837    26.3263    26.3267    18.6360    18.6342    1524.48    1524.47     3.8430    167.227     3.8365    166.945    36.5848    36.5848 0.0000e+00
    696.646    293.930    18.6911    18.6899   4.860003   4.859910     2.0342     2.2842    26.3253    26.3258    18.6386    18.6374    1524.47    1524.47     3.8426    167.208     3.8367    166.952    36.5844    36.5846 0.0000e+00
    697.646    293.047    18.6967    18.6934   4.860662   4.860312     2.0342     2.2847    26.3245    26.3254    18.6444    18.6411    1524.47    1524.46     3.8419    167.179     3.8373    166.978    36.5853    36.5853 0.0000e+00
    698.646    292.310    18.6982    18.6972   4.860849   4.860734     2.0343     2.2852    26.3246    26.3247    18.6460    18.6451    1524.46    1524.46     3.8426    167.211     3.8377    166.995    36.5859    36.5857 0.0000e+00
    699.646    291.733    18.6981    18.6961   4.860810   4.860619     2.0348     2.2856    26.3245    26.3251    18.6460    18.6441    1524.45    1524.45     3.8452    167.323     3.8383    167.020    36.5858    36.5859 0.0000e+00
    700.646    291.033    18.6985    18.6967   4.860802   4.860625     2.0357     2.2860    26.3243    26.3248    18.6466    18.6448    1524.44    1524.44     3.8485    167.464     3.8384    167.026    36.5856    36.5857 0.0000e+00
    701.646    290.125    18.7017    18.7008   4.861115   4.861061     2.0368     2.2862    26.3235    26.3241    18.6499    18.6490    1524.44    1524.44     3.8504    167.546     3.8380    167.009    36.5858    36.5862 0.0000e+00
    702.646    289.245    18.7066    18.7049   4.861677   4.861460     2.0376     2.2865    26.3229    26.3230    18.6549    18.6532    1524.44    1524.43     3.8498    167.523     3.8378    167.000    36.5866    36.5862 0.0000e+00
    703.646    288.458    18.7083    18.7062   4.861835   4.861642     2.0379     2.2867    26.3225    26.3232    18.6568    18.6547    1524.43    1524.42     3.8488    167.480     3.8379    167.005    36.5867    36.5869 0.0000e+00
    704.646    287.652    18.7129    18.7084   4.862293   4.861821     2.0381     2.2870    26.3213    26.3225    18.6616    18.6570    1524.43    1524.42     3.8486    167.468     3.8380    167.007    36.5867    36.5868 0.0000e+00
    705.646    286.872    18.7162    18.7115   4.862679   4.862185     2.0383     2.2871    26.3209    26.3222    18.6650    18.6602    1524.43    1524.41     3.8485    167.466     3.8369    166.959    36.5874    36.5874 0.0000e+00
    706.646    286.132    18.7179    18.7150   4.862865   4.862525     2.0384     2.2869    26.3208    26.3213    18.6668    18.6639    1524.42    1524.41     3.8481    167.450     3.8358    166.912    36.5878    36.5875 0.0000e+00
    707.646    285.464    18.7200    18.7174   4.863107   4.862811     2.0386     2.2869    26.3205    26.3210    18.6690    18.6664    1524.42    1524.41     3.8485    167.467     3.8357    166.908    36.5882    36.5880 0.0000e+00
    708.646    284.786    18.7219    18.7241   4.863267   4.863524     2.0390     2.2870    26.3200    26.3195    18.6710    18.6733    1524.41    1524.42     3.8501    167.538     3.8354    166.897    36.5882    36.5883 0.0000e+00
    709.646    283.976    18.7286    18.7287   4.864026   4.864110     2.0396     2.2873    26.3188    26.3193    18.6779    18.6779    1524.42    1524.42     3.8504    167.550     3.8356    166.907    36.5889    36.5896 0.0000e+00
    710.646    283.030    18.7277    18.7249   4.863916   4.863650     2.0399     2.2876    26.3192    26.3200    18.6771    18.6744    1524.40    1524.39     3.8498    167.522     3.8364    166.938    36.5891    36.5893 0.0000e+00
    711.646    282.246    18.7275    18.7242   4.863883   4.863497     2.0400     2.2880    26.3193    26.3199    18.6771    18.6738    1524.39    1524.38     3.8503    167.543     3.8369    166.962    36.5893    36.5890 0.0000e+00
    712.646    281.636    18.7274    18.7263   4.863833   4.863707     2.0405     2.2884    26.3192    26.3195    18.6771    18.6760    1524.37    1524.37     3.8523    167.631     3.8376    166.994    36.5892    36.5892 0.0000e+00
    713.646    280.885    18.7298    18.7267   4.863996   4.863696     2.0412     2.2889    26.3182    26.3192    18.6796    18.6765    1524.37    1524.36     3.8534    167.680     3.8385    167.030    36.5888    36.5890 0.0000e+00
    714.646    279.942    18.7350    18.7318   4.864637   4.864269     2.0417     2.2894    26.3178    26.3183    18.6850    18.6818    1524.37    1524.36     3.8533    167.674     3.8383    167.024    36.5899    36.5896 0.0000e+00
    715.646    279.008    18.7344    18.7334   4.864547   4.864438     2.0421     2.2897    26.3180    26.3182    18.6845    18.6836    1524.35    1524.35     3.8538    167.696     3.8378    167.001    36.5901    36.5900 0.0000e+00
    716.646    278.240    18.7345    18.7347   4.864514   4.864583     2.0425     2.2898    26.3179    26.3181    18.6848    18.6850    1524.34    1524.34     3.8546    167.733     3.8374    166.984    36.5900    36.5904 0.0000e+00
    717.646    277.652    18.7369    18.7367   4.864769   4.864791     2.0429     2.2898    26.3174    26.3177    18.6873    18.6871    1524.34    1524.34     3.8548    167.740     3.8370    166.964    36.5902    36.5906 0.0000e+00
    718.646    277.056    18.7383    18.7368   4.864916   4.864781     2.0433     2.2898    26.3172    26.3177    18.6888    18.6873    1524.33    1524.33     3.8560    167.793     3.8367    166.953    36.5904    36.5906 0.0000e+00
