data/raw_ctdtime/AB1502_time_053.cnv
* Sea-Bird SBE 9 Data File:
* FileName = D:\ctd\raw\ab1502_053.hex
* Software Version Seasave V 7.23.2
* Temperature SN = 2958
* Conductivity SN = 3860
* Number of Bytes Per Scan = 41
* Number of Voltage Words = 4
* Number of Scans Averaged by the Deck Unit = 1
* NMEA Latitude = 26 02.91 N
* NMEA Longitude = 079 13.99 W
* NMEA UTC (Time) = Feb 26 2015 15:15:07
# nquan = 21
# nvalues = 1291                        
# units = specified
# name 0 = timeS: Time, Elapsed [seconds]
# name 1 = prDM: Pressure, Digiquartz [db]
# name 2 = t090C: Temperature [ITS-90, deg C]
# name 3 = t190C: Temperature, 2 [ITS-90, deg C]
# name 4 = c0S/m: Conductivity [S/m]
# name 5 = c1S/m: Conductivity, 2 [S/m]
# name 6 = sbeox0V: Oxygen raw, SBE 43 [V]
# name 7 = sbeox1V: Oxygen raw, SBE 43, 2 [V]
# name 8 = sigma-é00: Density [sigma-theta, kg/m^3]
# name 9 = sigma-é11: Density, 2 [sigma-theta, kg/m^3]
# name 10 = potemp090C: Potential Temperature [ITS-90, deg C]
# name 11 = potemp190C: Potential Temperature, 2 [ITS-90, deg C]
# name 12 = svCM: Sound Velocity [Chen-Millero, m/s]
# name 13 = svCM1: Sound Velocity, 2 [Chen-Millero, m/s]
# name 14 = sbeox0ML/L: Oxygen, SBE 43 [ml/l]
# name 15 = sbeox0Mm/Kg: Oxygen, SBE 43 [umol/kg]
# name 16 = sbeox1ML/L: Oxygen, SBE 43, 2 [ml/l]
# name 17 = sbeox1Mm/Kg: Oxygen, SBE 43, 2 [umol/kg]
# name 18 = sal00: Salinity, Practical [PSU]
# name 19 = sal11: Salinity, Practical, 2 [PSU]
# name 20 = flag:
# span 0 =    168.646,   1458.333       
# span 1 =      0.381,    317.187       
# span 2 =    18.5835,    25.1917       
# span 3 =    18.5822,    25.1915       
# span 4 =   4.848326,   5.507017       
# span 5 =   4.848202,   5.506860       
# span 6 =     2.0252,     2.5597       
# span 7 =     2.2721,     2.8449       
# span 8 =    22.1224,    26.3443       
# span 9 =    23.2194,    26.3447       
# span 10 =    18.5271,    25.1890      
# span 11 =    18.5258,    25.1884      
# span 12 =    1524.21,    1537.40      
# span 13 =    1524.19,    1537.38      
# span 14 =     3.8013,     4.5154      
# span 15 =    165.538,    197.296      
# span 16 =     3.7970,     4.4029      
# span 17 =    165.347,    192.373      
# span 18 =    33.4376,    36.7990      
# span 19 =    34.9138,    36.7996      
# span 20 = 0.0000e+00, 0.0000e+00      
# interval = seconds: 1                 
# start_time = Feb 26 2015 15:15:07 [NMEA time, header]
# bad_flag = -9.990e-29
*END*
[from data line 690]
    858.646    205.590    21.0483    21.0379   5.130182   5.128585     2.1274     2.3796    25.8555    25.8553    21.0085    20.9981    1529.76    1529.72     3.8601    168.046     3.8422    167.266    36.7907    36.7867 0.0000e+00
    859.646    204.671    21.1286    21.1135   5.138550   5.136181     2.1292     2.3809    25.8324    25.8319    21.0888    21.0738    1529.95    1529.91     3.8574    167.934     3.8396    167.161    36.7894    36.7832 0.0000e+00
    860.646    203.784    21.1996    21.1791   5.146476   5.144194     2.1306     2.3823    25.8152    25.8202    21.1600    21.1395    1530.13    1530.08     3.8531    167.748     3.8380    167.090    36.7924    36.7917 0.0000e+00
    861.646    203.200    21.2139    21.1854   5.148091   5.145040     2.1311     2.3839    25.8119    25.8197    21.1743    21.1459    1530.16    1530.08     3.8507    167.647     3.8409    167.219    36.7934    36.7933 0.0000e+00
    862.646    202.676    21.2798    21.1994   5.155151   5.146565     2.1310     2.3855    25.7940    25.8161    21.2403    21.1600    1530.33    1530.11     3.8444    167.374     3.8424    167.283    36.7937    36.7937 0.0000e+00
    863.646    201.858    21.2713    21.2253   5.154098   5.148609     2.1308     2.3866    25.7956    25.8047    21.2319    21.1860    1530.29    1530.16     3.8443    167.367     3.8416    167.248    36.7928    36.7882 0.0000e+00
    864.646    200.795    21.3382    21.3147   5.160686   5.157798     2.1308     2.3871    25.7739    25.7781    21.2990    21.2755    1530.45    1530.38     3.8393    167.156     3.8356    166.992    36.7887    36.7857 0.0000e+00
    865.646    199.963    21.3570    21.3534   5.162668   5.162023     2.1307     2.3873    25.7687    25.7681    21.3179    21.3143    1530.48    1530.47     3.8369    167.052     3.8322    166.848    36.7887    36.7867 0.0000e+00
    866.646    199.374    21.3953    21.3575   5.166511   5.162457     2.1304     2.3870    25.7567    25.7671    21.3562    21.3185    1530.57    1530.47     3.8325    166.862     3.8302    166.761    36.7870    36.7869 0.0000e+00
    867.646    198.744    21.3879    21.3765   5.165717   5.164553     2.1299     2.3865    25.7588    25.7623    21.3490    21.3377    1530.54    1530.51     3.8313    166.810     3.8276    166.648    36.7871    36.7876 0.0000e+00
    868.646    198.067    21.3796    21.3820   5.164797   5.164830     2.1295     2.3861    25.7611    25.7591    21.3408    21.3433    1530.51    1530.51     3.8309    166.791     3.8263    166.592    36.7872    36.7853 0.0000e+00
    869.646    197.444    21.4394    21.4100   5.170415   5.167512     2.1293     2.3857    25.7399    25.7496    21.4007    21.3713    1530.65    1530.58     3.8269    166.620     3.8234    166.469    36.7811    36.7831 0.0000e+00
    870.646    196.740    21.4900    21.4589   5.175580   5.172174     2.1293     2.3853    25.7245    25.7327    21.4513    21.4203    1530.77    1530.69     3.8229    166.450     3.8195    166.300    36.7794    36.7788 0.0000e+00
    871.646    195.817    21.5481    21.5237   5.182108   5.178870     2.1291     2.3851    25.7105    25.7135    21.5096    21.4852    1530.91    1530.84     3.8176    166.221     3.8147    166.095    36.7823    36.7773 0.0000e+00
    872.646    194.979    21.5676    21.5467   5.184211   5.181712     2.1290     2.3849    25.7053    25.7095    21.5292    21.5083    1530.95    1530.89     3.8164    166.171     3.8124    165.992    36.7827    36.7806 0.0000e+00
    873.646    194.530    21.6179    21.5613   5.188705   5.183694     2.1292     2.3846    25.6859    25.7081    21.5796    21.5230    1531.07    1530.93     3.8136    166.052     3.8106    165.916    36.7757    36.7841 0.0000e+00
    874.646    194.243    21.6381    21.5729   5.191781   5.184515     2.1295     2.3845    25.6860    25.7024    21.5997    21.5347    1531.12    1530.95     3.8133    166.035     3.8101    165.895    36.7832    36.7808 0.0000e+00
    875.646    193.778    21.6706    21.6196   5.195877   5.190160     2.1301     2.3846    25.6808    25.6934    21.6323    21.5813    1531.21    1531.07     3.8129    166.019     3.8075    165.782    36.7883    36.7862 0.0000e+00
    876.646    193.226    21.6684    21.5980   5.195396   5.187419     2.1309     2.3849    25.6800    25.6970    21.6303    21.5599    1531.19    1531.00     3.8155    166.135     3.8094    165.866    36.7864    36.7830 0.0000e+00
    877.646    192.809    21.7200    21.6477   5.201934   5.192407     2.1319     2.3853    25.6718    25.6812    21.6819    21.6096    1531.33    1531.12     3.8142    166.081     3.8078    165.799    36.7947    36.7805 0.0000e+00
    878.646    192.453    21.8827    21.7571   5.216815   5.203665     2.1330     2.3862    25.6107    25.6478    21.8444    21.7190    1531.73    1531.40     3.8057    165.719     3.8039    165.632    36.7745    36.7769 0.0000e+00
    879.646    192.090    21.8971    21.8245   5.216278   5.210458     2.1341     2.3878    25.5942    25.6265    21.8589    21.7863    1531.74    1531.57     3.8072    165.785     3.8036    165.626    36.7581    36.7737 0.0000e+00
    880.646    191.774    22.0054    21.8868   5.223391   5.217471     2.1350     2.3895    25.5367    25.6111    21.9671    21.8486    1531.98    1531.73     3.8013    165.538     3.8029    165.596    36.7226    36.7765 0.0000e+00
    881.646    191.430    21.9283    21.9188   5.219817   5.221225     2.1356     2.3909    25.5868    25.6040    21.8901    21.8807    1531.81    1531.81     3.8069    165.775     3.8026    165.583    36.7599    36.7791 0.0000e+00
    882.646    191.022    21.9814    21.8717   5.227204   5.216424     2.1362     2.3917    25.5821    25.6189    21.9433    21.8337    1531.96    1531.68     3.8050    165.692     3.8060    165.729    36.7735    36.7813 0.0000e+00
    883.646    190.695    22.0197    21.9571   5.232080   5.223819     2.1374     2.3922    25.5760    25.5843    21.9816    21.9191    1532.06    1531.89     3.8059    165.732     3.8018    165.551    36.7797    36.7674 0.0000e+00
    884.646    190.340    22.0755    22.0152   5.237622   5.231633     2.1388     2.3930    25.5576    25.5776    22.0374    21.9772    1532.20    1532.05     3.8058    165.731     3.7996    165.456    36.7763    36.7801 0.0000e+00
    885.646    189.892    22.0917    22.0467   5.239766   5.235020     2.1403     2.3938    25.5556    25.5688    22.0537    22.0088    1532.24    1532.12     3.8081    165.831     3.7986    165.417    36.7796    36.7803 0.0000e+00
    886.646    189.640    22.0949    22.0487   5.240378   5.235502     2.1418     2.3942    25.5564    25.5699    22.0569    22.0108    1532.24    1532.12     3.8097    165.902     3.7988    165.424    36.7819    36.7825 0.0000e+00
    887.646    189.778    22.1030    22.0980   5.241072   5.240607     2.1424     2.3946    25.5529    25.5548    22.0650    22.0600    1532.27    1532.25     3.8088    165.861     3.7970    165.347    36.7804    36.7810 0.0000e+00
    888.646    189.803    22.1211    22.1195   5.243019   5.242729     2.1426     2.3954    25.5478    25.5476    22.0831    22.0815    1532.31    1532.31     3.8078    165.820     3.7983    165.404    36.7804    36.7795 0.0000e+00
    889.646    189.730    22.1310    22.1345   5.244065   5.244367     2.1430     2.3965    25.5450    25.5436    22.0930    22.0964    1532.34    1532.35     3.8078    165.821     3.7996    165.462    36.7803    36.7798 0.0000e+00
    890.646    189.692    22.1350    22.1347   5.244466   5.244457     2.1431     2.3975    25.5437    25.5440    22.0970    22.0966    1532.35    1532.35     3.8063    165.756     3.8011    165.527    36.7801    36.7803 0.0000e+00
    891.646    189.799    22.1327    22.1363   5.244273   5.244609     2.1425     2.3981    25.5446    25.5433    22.0947    22.0983    1532.34    1532.35     3.8031    165.614     3.8013    165.539    36.7805    36.7801 0.0000e+00
    892.646    190.000    22.1207    22.1240   5.243031   5.243380     2.1414     2.3982    25.5483    25.5473    22.0826    22.0859    1532.32    1532.32     3.8018    165.560     3.8015    165.546    36.7808    36.7808 0.0000e+00
    893.646    190.054    22.1206    22.1220   5.242929   5.243098     2.1410     2.3980    25.5478    25.5475    22.0825    22.0839    1532.32    1532.32     3.8032    165.619     3.8009    165.519    36.7801    36.7802 0.0000e+00
    894.646    189.838    22.1197    22.1234   5.242898   5.243145     2.1411     2.3977    25.5485    25.5465    22.0816    22.0853    1532.31    1532.32     3.8034    165.628     3.8003    165.494    36.7807    36.7795 0.0000e+00
    895.646    189.625    22.1265    22.1235   5.243524   5.243132     2.1410     2.3976    25.5459    25.5463    22.0885    22.0855    1532.32    1532.32     3.8026    165.596     3.8006    165.505    36.7799    36.7793 0.0000e+00
    896.646    189.808    22.1259    22.1258   5.243479   5.243289     2.1412     2.3979    25.5461    25.5451    22.0879    22.0878    1532.33    1532.32     3.8048    165.689     3.8015    165.547    36.7800    36.7786 0.0000e+00
    897.646    190.178    22.1324    22.1350   5.244153   5.244376     2.1420     2.3982    25.5441    25.5430    22.0943    22.0969    1532.35    1532.35     3.8077    165.818     3.8014    165.543    36.7797    36.7792 0.0000e+00
    898.646    190.237    22.1397    22.1343   5.244854   5.244261     2.1431     2.3982    25.5415    25.5430    22.1016    22.0962    1532.37    1532.35     3.8090    165.874     3.8013    165.539    36.7790    36.7789 0.0000e+00
    899.646    190.005    22.1398    22.1339   5.244889   5.244214     2.1435     2.3983    25.5417    25.5431    22.1017    22.0958    1532.36    1532.35     3.8082    165.838     3.8016    165.551    36.7793    36.7790 0.0000e+00
    900.646    189.900    22.1431    22.1390   5.245265   5.244687     2.1435     2.3985    25.5410    25.5412    22.1050    22.1010    1532.37    1532.36     3.8071    165.789     3.8014    165.541    36.7795    36.7784 0.0000e+00
    901.646    190.017    22.1352    22.1372   5.244401   5.244565     2.1432     2.3985    25.5430    25.5422    22.0972    22.0991    1532.35    1532.36     3.8057    165.728     3.8015    165.548    36.7793    36.7790 0.0000e+00
    902.646    190.059    22.1214    22.1365   5.243062   5.244460     2.1424     2.3985    25.5478    25.5421    22.0833    22.0984    1532.32    1532.36     3.8047    165.684     3.8016    165.550    36.7805    36.7786 0.0000e+00
    903.646    189.980    22.1229    22.1301   5.243100   5.243837     2.1420     2.3985    25.5467    25.5444    22.0848    22.0920    1532.32    1532.34     3.8049    165.696     3.8018    165.557    36.7795    36.7792 0.0000e+00
    904.646    189.967    22.1170    22.1212   5.242644   5.242941     2.1421     2.3985    25.5494    25.5473    22.0789    22.0831    1532.31    1532.32     3.8066    165.765     3.8025    165.590    36.7809    36.7797 0.0000e+00
    905.646    190.069    22.1084    22.1028   5.241678   5.240971     2.1423     2.3986    25.5516    25.5525    22.0703    22.0647    1532.28    1532.27     3.8081    165.834     3.8040    165.653    36.7805    36.7797 0.0000e+00
    906.646    190.205    22.1030    22.0989   5.241160   5.240546     2.1427     2.3986    25.5534    25.5535    22.0650    22.0608    1532.27    1532.26     3.8099    165.913     3.8038    165.645    36.7809    36.7796 0.0000e+00
    907.646    190.222    22.1127    22.1015   5.242081   5.240801     2.1432     2.3983    25.5500    25.5526    22.0746    22.0634    1532.30    1532.27     3.8100    165.916     3.8029    165.606    36.7800    36.7794 0.0000e+00
    908.646    190.075    22.1206    22.1112   5.242797   5.241773     2.1433     2.3982    25.5469    25.5495    22.0825    22.0731    1532.31    1532.29     3.8083    165.844     3.8028    165.602    36.7790    36.7789 0.0000e+00
    909.646    190.053    22.1335    22.1245   5.244172   5.243094     2.1430     2.3986    25.5433    25.5451    22.0954    22.0864    1532.35    1532.32     3.8061    165.746     3.8036    165.637    36.7790    36.7780 0.0000e+00
    910.646    190.233    22.1349    22.1337   5.244419   5.244137     2.1427     2.3992    25.5434    25.5428    22.0967    22.0956    1532.36    1532.35     3.8057    165.730     3.8044    165.672    36.7797    36.7784 0.0000e+00
    911.646    190.247    22.1338    22.1380   5.244351   5.244691     2.1425     2.3996    25.5440    25.5421    22.0956    22.0999    1532.35    1532.36     3.8059    165.739     3.8042    165.664    36.7801    36.7791 0.0000e+00
    912.646    190.083    22.1186    22.1305   5.242916   5.243934     2.1427     2.3996    25.5495    25.5446    22.0805    22.0924    1532.31    1532.34     3.8090    165.873     3.8038    165.648    36.7816    36.7796 0.0000e+00
    913.646    190.028    22.1208    22.1220   5.242942   5.243043     2.1437     2.3993    25.5476    25.5472    22.0828    22.0839    1532.32    1532.32     3.8134    166.065     3.8030    165.611    36.7800    36.7798 0.0000e+00
    914.646    190.208    22.1195    22.1165   5.242856   5.242443     2.1452     2.3987    25.5483    25.5486    22.0814    22.0784    1532.32    1532.31     3.8171    166.223     3.8021    165.570    36.7804    36.7796 0.0000e+00
    915.646    190.367    22.1082    22.1030   5.241719   5.241137     2.1461     2.3981    25.5519    25.5533    22.0700    22.0648    1532.29    1532.28     3.8175    166.243     3.8017    165.553    36.7809    36.7807 0.0000e+00
    916.646    190.256    22.1036    22.1043   5.241239   5.241124     2.1461     2.3975    25.5533    25.5520    22.0655    22.0662    1532.28    1532.28     3.8163    166.189     3.8008    165.513    36.7810    36.7796 0.0000e+00
    917.646    190.013    22.1024    22.1082   5.241141   5.241591     2.1460     2.3973    25.5539    25.5512    22.0643    22.0702    1532.27    1532.28     3.8165    166.197     3.8007    165.509    36.7814    36.7800 0.0000e+00
    918.646    189.971    22.1037    22.1040   5.241222   5.241089     2.1462     2.3975    25.5532    25.5521    22.0656    22.0660    1532.27    1532.27     3.8169    166.217     3.8020    165.568    36.7810    36.7796 0.0000e+00
    919.646    190.223    22.1068    22.1101   5.241546   5.241762     2.1461     2.3978    25.5522    25.5505    22.0687    22.0720    1532.28    1532.29     3.8148    166.123     3.8023    165.581    36.7808    36.7797 0.0000e+00
    920.646    190.399    22.1089    22.1086   5.241788   5.241694     2.1453     2.3980    25.5517    25.5514    22.0707    22.0704    1532.29    1532.29     3.8124    166.020     3.8028    165.600    36.7809    36.7804 0.0000e+00
    921.646    190.239    22.1076    22.1095   5.241651   5.241675     2.1447     2.3981    25.5521    25.5505    22.0695    22.0714    1532.29    1532.29     3.8114    165.978     3.8024    165.586    36.7809    36.7795 0.0000e+00
    922.646    190.004    22.1060    22.1090   5.241471   5.241670     2.1443     2.3981    25.5525    25.5509    22.0679    22.0710    1532.28    1532.28     3.8117    165.988     3.8026    165.595    36.7809    36.7799 0.0000e+00
    923.646    190.065    22.1066    22.1080   5.241533   5.241555     2.1444     2.3983    25.5523    25.5512    22.0685    22.0699    1532.28    1532.28     3.8123    166.014     3.8031    165.616    36.7809    36.7799 0.0000e+00
    924.646    190.437    22.1198    22.1184   5.242928   5.242599     2.1444     2.3983    25.5484    25.5477    22.0817    22.0803    1532.32    1532.32     3.8111    165.962     3.8026    165.593    36.7806    36.7791 0.0000e+00
    925.646    190.644    22.1126    22.1103   5.242192   5.241877     2.1442     2.3983    25.5506    25.5509    22.0744    22.0721    1532.31    1532.30     3.8111    165.961     3.8028    165.604    36.7808    36.7803 0.0000e+00
