data/raw_ctdtime/AB1502_time_053.cnv
* Sea-Bird SBE 9 Data File:
* FileName = D:\ctd\raw\ab1502_053.hex
* Software Version Seasave V 7.23.2
* Temperature SN = 2958
* Conductivity SN = 3860
* Number of Bytes Per Scan = 41
* Number of Voltage Words = 4
* Number of Scans Averaged by the Deck Unit = 1
* NMEA Latitude = 26 02.91 N
* NMEA Longitude = 079 13.99 W
* NMEA UTC (Time) = Feb 26 2015 15:15:07
# nquan = 21
# nvalues = 1291                        
# units = specified
# name 0 = timeS: Time, Elapsed [seconds]
# name 1 = prDM: Pressure, Digiquartz [db]
# name 2 = t090C: Temperature [ITS-90, deg C]
# name 3 = t190C: Temperature, 2 [ITS-90, deg C]
# name 4 = c0S/m: Conductivity [S/m]
# name 5 = c1S/m: Conductivity, 2 [S/m]
# name 6 = sbeox0V: Oxygen raw, SBE 43 [V]
# name 7 = sbeox1V: Oxygen raw, SBE 43, 2 [V]
# name 8 = sigma-é00: Density [sigma-theta, kg/m^3]
# name 9 = sigma-é11: Density, 2 [sigma-theta, kg/m^3]
# name 10 = potemp090C: Potential Temperature [ITS-90, deg C]
# name 11 = potemp190C: Potential Temperature, 2 [ITS-90, deg C]
# name 12 = svCM: Sound Velocity [Chen-Millero, m/s]
# name 13 = svCM1: Sound Velocity, 2 [Chen-Millero, m/s]
# name 14 = sbeox0ML/L: Oxygen, SBE 43 [ml/l]
# name 15 = sbeox0Mm/Kg: Oxygen, SBE 43 [umol/kg]
# name 16 = sbeox1ML/L: Oxygen, SBE 43, 2 [ml/l]
# name 17 = sbeox1Mm/Kg: Oxygen, SBE 43, 2 [umol/kg]
# name 18 = sal00: Salinity, Practical [PSU]
# name 19 = sal11: Salinity, Practical, 2 [PSU]
# name 20 = flag:
# span 0 =    168.646,   1458.333       
# span 1 =      0.381,    317.187       
# span 2 =    18.5835,    25.1917       
# span 3 =    18.5822,    25.1915       
# span 4 =   4.848326,   5.507017       
# span 5 =   4.848202,   5.506860       
# span 6 =     2.0252,     2.5597       
# span 7 =     2.2721,     2.8449       
# span 8 =    22.1224,    26.3443       
# span 9 =    23.2194,    26.3447       
# span 10 =    18.5271,    25.1890      
# span 11 =    18.5258,    25.1884      
# span 12 =    1524.21,    1537.40      
# span 13 =    1524.19,    1537.38      
# span 14 =     3.8013,     4.5154      
# span 15 =    165.538,    197.296      
# span 16 =     3.7970,     4.4029      
# span 17 =    165.347,    192.373      
# span 18 =    33.4376,    36.7990      
# span 19 =    34.9138,    36.7996      
# span 20 = 0.0000e+00, 0.0000e+00      
# interval = seconds: 1                 
# start_time = Feb 26 2015 15:15:07 [NMEA time, header]
# bad_flag = -9.990e-29
*END*
[from data line 759]
    927.646    189.992    22.1176    22.1126   5.242663   5.242064     2.1439     2.3981    25.5489    25.5500    22.0795    22.0745    1532.31    1532.29     3.8102    165.926     3.8021    165.571    36.7805    36.7800 0.0000e+00
    928.646    189.965    22.1108    22.1133   5.242017   5.242102     2.1440     2.3981    25.5513    25.5496    22.0728    22.0752    1532.29    1532.29     3.8117    165.991     3.8022    165.574    36.7812    36.7798 0.0000e+00
    929.646    189.849    22.1053    22.1120   5.241436   5.241999     2.1444     2.3982    25.5530    25.5502    22.0673    22.0740    1532.27    1532.29     3.8134    166.063     3.8026    165.595    36.7813    36.7801 0.0000e+00
    930.646    189.497    22.1106    22.1152   5.241938   5.242237     2.1449     2.3984    25.5512    25.5487    22.0726    22.0772    1532.28    1532.29     3.8148    166.126     3.8031    165.615    36.7809    36.7794 0.0000e+00
    931.646    189.017    22.1182    22.1147   5.242570   5.242244     2.1457     2.3987    25.5480    25.5493    22.0804    22.0769    1532.29    1532.28     3.8167    166.206     3.8032    165.619    36.7796    36.7800 0.0000e+00
    932.646    188.608    22.1336    22.1186   5.244112   5.242585     2.1467     2.3988    25.5431    25.5478    22.0958    22.0808    1532.32    1532.29     3.8181    166.271     3.8025    165.589    36.7789    36.7795 0.0000e+00
    933.646    188.271    22.1506    22.1187   5.245675   5.242620     2.1479     2.3987    25.5368    25.5480    22.1128    22.0810    1532.36    1532.28     3.8197    166.342     3.8017    165.552    36.7770    36.7798 0.0000e+00
    934.646    187.838    22.1570    22.1203   5.246381   5.242698     2.1488     2.3983    25.5351    25.5471    22.1193    22.0827    1532.37    1532.28     3.8201    166.357     3.8007    165.510    36.7772    36.7792 0.0000e+00
    935.646    187.184    22.1469    22.1323   5.245314   5.243749     2.1493     2.3982    25.5383    25.5424    22.1094    22.0948    1532.33    1532.30     3.8211    166.402     3.7996    165.466    36.7776    36.7776 0.0000e+00
    936.646    186.407    22.1559    22.1479   5.246296   5.245308     2.1498     2.3982    25.5360    25.5375    22.1185    22.1105    1532.34    1532.32     3.8210    166.397     3.7993    165.451    36.7780    36.7770 0.0000e+00
    937.646    185.680    22.1594    22.1585   5.246683   5.246422     2.1502     2.3988    25.5352    25.5344    22.1221    22.1213    1532.34    1532.34     3.8214    166.416     3.8006    165.507    36.7784    36.7770 0.0000e+00
    938.646    185.091    22.1582    22.1568   5.246532   5.246304     2.1507     2.3999    25.5355    25.5354    22.1211    22.1197    1532.33    1532.32     3.8227    166.471     3.8030    165.614    36.7784    36.7777 0.0000e+00
    939.646    184.486    22.1581    22.1570   5.246463   5.246295     2.1513     2.4011    25.5353    25.5353    22.1211    22.1200    1532.32    1532.31     3.8244    166.543     3.8060    165.743    36.7781    36.7777 0.0000e+00
    940.646    183.744    22.1633    22.1587   5.246869   5.246377     2.1520     2.4029    25.5331    25.5344    22.1264    22.1218    1532.32    1532.31     3.8254    166.588     3.8104    165.936    36.7772    36.7772 0.0000e+00
    941.646    183.018    22.1759    22.1678   5.248026   5.247117     2.1528     2.4053    25.5285    25.5306    22.1392    22.1311    1532.34    1532.32     3.8269    166.657     3.8157    166.165    36.7759    36.7756 0.0000e+00
    942.646    182.531    22.1854    22.1709   5.248980   5.247647     2.1542     2.4082    25.5255    25.5310    22.1487    22.1343    1532.35    1532.32     3.8319    166.873     3.8220    166.440    36.7755    36.7773 0.0000e+00
    943.646    182.114    22.2530    22.1630   5.255337   5.246821     2.1568     2.4116    25.5010    25.5334    22.2164    22.1265    1532.51    1532.29     3.8376    167.124     3.8304    166.808    36.7685    36.7776 0.0000e+00
    944.646    181.480    22.2515    22.1838   5.255075   5.248136     2.1612     2.4159    25.5010    25.5222    22.2150    22.1474    1532.50    1532.33     3.8545    167.862     3.8404    167.244    36.7680    36.7706 0.0000e+00
    945.646    180.637    22.3794    22.3043   5.267510   5.257584     2.1683     2.4220    25.4569    25.4672    22.3429    22.2679    1532.80    1532.59     3.8698    168.533     3.8504    167.689    36.7580    36.7434 0.0000e+00
    946.646    179.789    22.6604    22.5899   5.295826   5.288663     2.1783     2.4314    25.3653    25.3881    22.6238    22.5534    1533.50    1533.32     3.8807    169.025     3.8594    168.091    36.7435    36.7468 0.0000e+00
    947.646    178.952    22.9498    22.9247   5.326932   5.323456     2.1911     2.4460    25.2817    25.2844    22.9131    22.8880    1534.22    1534.15     3.8969    169.744     3.8771    168.883    36.7433    36.7373 0.0000e+00
    948.646    178.108    23.0941    23.1322   5.344390   5.347481     2.2068     2.4656    25.2513    25.2342    23.0573    23.0953    1534.59    1534.68     3.9281    171.109     3.9093    170.292    36.7585    36.7506 0.0000e+00
    949.646    177.359    23.1858    23.1957   5.354179   5.355115     2.2240     2.4873    25.2241    25.2205    23.1491    23.1589    1534.81    1534.83     3.9620    172.589     3.9486    172.006    36.7579    36.7569 0.0000e+00
    950.646    176.732    23.2418    23.1503   5.359759   5.350426     2.2407     2.5073    25.2052    25.2350    23.2051    23.1138    1534.94    1534.71     3.9928    173.933     3.9856    173.617    36.7546    36.7587 0.0000e+00
    951.646    176.057    23.2428    23.1772   5.360114   5.352161     2.2557     2.5232    25.2065    25.2205    23.2062    23.1407    1534.93    1534.76     4.0212    175.172     4.0076    174.575    36.7567    36.7499 0.0000e+00
    952.646    175.298    23.3142    23.3168   5.367853   5.367087     2.2682     2.5351    25.1860    25.1790    23.2777    23.2804    1535.10    1535.10     4.0371    175.869     4.0159    174.945    36.7572    36.7490 0.0000e+00
    953.646    174.617    23.3617    23.3347   5.373090   5.370133     2.2780     2.5448    25.1728    25.1805    23.3253    23.2984    1535.21    1535.14     4.0497    176.417     4.0309    175.598    36.7582    36.7579 0.0000e+00
    954.646    174.052    23.3868    23.3338   5.375847   5.370021     2.2859     2.5535    25.1658    25.1807    23.3505    23.2976    1535.26    1535.13     4.0608    176.903     4.0458    176.247    36.7587    36.7580 0.0000e+00
    955.646    173.380    23.3703    23.3456   5.373744   5.370657     2.2922     2.5608    25.1689    25.1737    23.3342    23.3096    1535.21    1535.14     4.0729    177.431     4.0566    176.721    36.7565    36.7532 0.0000e+00
    956.646    172.428    23.4020    23.3874   5.376935   5.375356     2.2975     2.5667    25.1585    25.1627    23.3660    23.3515    1535.27    1535.23     4.0790    177.700     4.0629    176.995    36.7551    36.7550 0.0000e+00
    957.646    171.403    23.4109    23.4101   5.378137   5.377866     2.3015     2.5717    25.1574    25.1566    23.3752    23.3743    1535.28    1535.27     4.0844    177.934     4.0697    177.292    36.7572    36.7558 0.0000e+00
    958.646    170.473    23.4152    23.4167   5.378560   5.378739     2.3048     2.5762    25.1561    25.1557    23.3797    23.3812    1535.27    1535.28     4.0898    178.170     4.0770    177.612    36.7572    36.7573 0.0000e+00
    959.646    169.625    23.4179    23.4297   5.378944   5.380327     2.3078     2.5803    25.1560    25.1532    23.3825    23.3943    1535.27    1535.30     4.0957    178.424     4.0830    177.874    36.7582    36.7591 0.0000e+00
    960.646    168.849    23.4256    23.4316   5.379790   5.380416     2.3107     2.5838    25.1540    25.1521    23.3903    23.3964    1535.27    1535.29     4.1000    178.614     4.0881    178.096    36.7586    36.7584 0.0000e+00
    961.646    168.220    23.4357    23.4339   5.380857   5.380621     2.3128     2.5865    25.1511    25.1513    23.4006    23.3988    1535.29    1535.28     4.1024    178.717     4.0914    178.237    36.7587    36.7583 0.0000e+00
    962.646    167.691    23.4454    23.4339   5.381854   5.380562     2.3146     2.5883    25.1479    25.1511    23.4104    23.3989    1535.30    1535.27     4.1046    178.815     4.0930    178.308    36.7584    36.7581 0.0000e+00
    963.646    167.112    23.4577    23.4393   5.383054   5.380930     2.3162     2.5892    25.1438    25.1483    23.4228    23.4045    1535.32    1535.28     4.1068    178.910     4.0936    178.336    36.7577    36.7565 0.0000e+00
    964.646    166.445    23.4619    23.4573   5.383561   5.383069     2.3176     2.5902    25.1429    25.1443    23.4271    23.4225    1535.32    1535.31     4.1088    178.998     4.0942    178.363    36.7583    36.7583 0.0000e+00
    965.646    165.569    23.4812    23.4560   5.385839   5.382881     2.3188     2.5913    25.1386    25.1445    23.4466    23.4215    1535.36    1535.29     4.1093    179.022     4.0959    178.438    36.7600    36.7582 0.0000e+00
    966.646    164.464    23.4979    23.4659   5.387639   5.384078     2.3201     2.5924    25.1339    25.1426    23.4635    23.4315    1535.38    1535.30     4.1115    179.117     4.0973    178.497    36.7604    36.7596 0.0000e+00
    967.646    163.560    23.5030    23.4837   5.388404   5.386139     2.3219     2.5938    25.1337    25.1384    23.4688    23.4495    1535.38    1535.33     4.1154    179.288     4.0987    178.561    36.7623    36.7609 0.0000e+00
    968.646    162.981    23.5142    23.4986   5.389576   5.387794     2.3238     2.5952    25.1303    25.1344    23.4802    23.4645    1535.40    1535.36     4.1182    179.409     4.1005    178.638    36.7622    36.7615 0.0000e+00
    969.646    162.288    23.5099    23.5046   5.389109   5.388397     2.3252     2.5969    25.1318    25.1325    23.4759    23.4707    1535.38    1535.36     4.1198    179.479     4.1035    178.770    36.7625    36.7614 0.0000e+00
    970.646    161.346    23.5120    23.5122   5.389278   5.389207     2.3260     2.5987    25.1309    25.1304    23.4783    23.4784    1535.37    1535.37     4.1203    179.501     4.1061    178.883    36.7623    36.7616 0.0000e+00
    971.646    160.427    23.5132    23.5161   5.389347   5.389544     2.3269     2.6002    25.1304    25.1289    23.4797    23.4826    1535.35    1535.36     4.1221    179.580     4.1071    178.925    36.7621    36.7612 0.0000e+00
    972.646    159.696    23.5155    23.5152   5.389623   5.389500     2.3279     2.6009    25.1300    25.1296    23.4821    23.4818    1535.35    1535.35     4.1241    179.667     4.1072    178.931    36.7626    36.7619 0.0000e+00
    973.646    159.101    23.5285    23.5174   5.391218   5.389699     2.3289     2.6013    25.1274    25.1289    23.4953    23.4841    1535.37    1535.34     4.1246    179.689     4.1073    178.936    36.7642    36.7618 0.0000e+00
    974.646    158.601    23.5391    23.5192   5.392481   5.389854     2.3295     2.6017    25.1251    25.1282    23.5059    23.4861    1535.39    1535.34     4.1234    179.639     4.1079    178.963    36.7653    36.7617 0.0000e+00
    975.646    158.091    23.5387    23.5210   5.392436   5.390204     2.3295     2.6024    25.1253    25.1287    23.5056    23.4879    1535.38    1535.34     4.1214    179.548     4.1098    179.046    36.7655    36.7630 0.0000e+00
    976.646    157.179    23.5408    23.5285   5.392637   5.390861     2.3287     2.6036    25.1247    25.1257    23.5080    23.4956    1535.37    1535.34     4.1174    179.376     4.1116    179.125    36.7656    36.7622 0.0000e+00
    977.646    155.938    23.5453    23.5391   5.393178   5.392132     2.3277     2.6047    25.1239    25.1236    23.5127    23.5065    1535.36    1535.35     4.1144    179.247     4.1117    179.127    36.7664    36.7636 0.0000e+00
    978.646    154.914    23.5585    23.5540   5.394806   5.394047     2.3270     2.6052    25.1215    25.1212    23.5261    23.5215    1535.38    1535.37     4.1128    179.176     4.1107    179.087    36.7683    36.7663 0.0000e+00
    979.646    154.223    23.5726    23.5589   5.396637   5.394742     2.3271     2.6057    25.1192    25.1208    23.5403    23.5266    1535.41    1535.37     4.1137    179.217     4.1111    179.103    36.7709    36.7677 0.0000e+00
    980.646    153.575    23.5717    23.5677   5.396524   5.395717     2.3281     2.6063    25.1195    25.1185    23.5395    23.5355    1535.40    1535.38     4.1174    179.378     4.1113    179.110    36.7710    36.7682 0.0000e+00
    981.646    152.881    23.5784    23.5719   5.397173   5.396242     2.3294     2.6068    25.1173    25.1178    23.5463    23.5399    1535.40    1535.38     4.1200    179.493     4.1113    179.110    36.7707    36.7689 0.0000e+00
    982.646    152.159    23.5915    23.5802   5.398912   5.397246     2.3308     2.6070    25.1154    25.1162    23.5596    23.5483    1535.42    1535.39     4.1217    179.566     4.1106    179.080    36.7734    36.7700 0.0000e+00
    983.646    151.439    23.5953    23.5864   5.399407   5.398067     2.3319     2.6073    25.1149    25.1154    23.5635    23.5546    1535.42    1535.40     4.1231    179.627     4.1104    179.071    36.7743    36.7714 0.0000e+00
    984.646    150.752    23.5996    23.5951   5.399842   5.399070     2.3331     2.6077    25.1136    25.1133    23.5680    23.5635    1535.42    1535.41     4.1261    179.755     4.1109    179.097    36.7743    36.7721 0.0000e+00
    985.646    149.901    23.6233    23.6211   5.402417   5.401630     2.3350     2.6087    25.1069    25.1043    23.5918    23.5896    1535.47    1535.46     4.1302    179.936     4.1124    179.162    36.7747    36.7705 0.0000e+00
    986.646    148.978    23.6848    23.6645   5.409907   5.407383     2.3375     2.6107    25.0937    25.0978    23.6535    23.6332    1535.61    1535.56     4.1315    179.998     4.1141    179.236    36.7813    36.7788 0.0000e+00
    987.646    148.215    23.7094    23.6811   5.413095   5.409368     2.3400     2.6130    25.0896    25.0942    23.6783    23.6499    1535.67    1535.59     4.1333    180.074     4.1172    179.373    36.7856    36.7806 0.0000e+00
    988.646    147.537    23.7264    23.6893   5.414971   5.410436     2.3415     2.6151    25.0849    25.0929    23.6953    23.6583    1535.70    1535.60     4.1328    180.055     4.1198    179.486    36.7861    36.7822 0.0000e+00
    989.646    146.786    23.7373    23.7174   5.415879   5.413187     2.3422     2.6169    25.0803    25.0830    23.7064    23.6865    1535.71    1535.66     4.1318    180.010     4.1206    179.523    36.7843    36.7802 0.0000e+00
    990.646    145.911    23.7798    23.7638   5.420418   5.418467     2.3425     2.6183    25.0675    25.0710    23.7490    23.7330    1535.80    1535.76     4.1279    179.846     4.1189    179.453    36.7841    36.7825 0.0000e+00
    991.646    145.024    23.8238    23.8057   5.424983   5.422565     2.3427     2.6191    25.0534    25.0561    23.7932    23.7751    1535.89    1535.84     4.1243    179.689     4.1162    179.338    36.7828    36.7794 0.0000e+00
    992.646    144.225    23.8914    23.8317   5.431897   5.425721     2.3427     2.6192    25.0311    25.0505    23.8609    23.8012    1536.04    1535.90     4.1196    179.488     4.1137    179.227    36.7800    36.7822 0.0000e+00
    993.646    143.522    23.9095    23.8428   5.433462   5.426767     2.3435     2.6195    25.0235    25.0465    23.8792    23.8125    1536.07    1535.91     4.1231    179.642     4.1143    179.257    36.7772    36.7813 0.0000e+00
    994.646    142.956    23.9313    23.8907   5.434767   5.431189     2.3460     2.6207    25.0111    25.0278    23.9010    23.8605    1536.11    1536.02     4.1318    180.023     4.1151    179.294    36.7693    36.7755 0.0000e+00
