data/raw_ctdtime/AB1602_time_013.cnv
* Sea-Bird SBE 9 Data File:
* FileName = D:\ctd\raw\ab1602_013.hex
* Software Version Seasave V 7.23.2
* Temperature SN = 5898
* Conductivity SN = 4229
* Number of Bytes Per Scan = 41
* Number of Voltage Words = 4
* Number of Scans Averaged by the Deck Unit = 1
* NMEA Latitude = 26 30.08 N
* NMEA Longitude = 074 31.13 W
* NMEA UTC (Time) = Feb 22 2016  04:02:42
* NMEA baud rate = 4800
# nquan = 16
# nvalues = 11307                       
# units = specified
# name 0 = timeJ: Julian Days
# name 1 = timeS: Time, Elapsed [seconds]
# name 2 = prDM: Pressure, Digiquartz [db]
# name 3 = t090C: Temperature [ITS-90, deg C]
# name 4 = t190C: Temperature, 2 [ITS-90, deg C]
# name 5 = c0S/m: Conductivity [S/m]
# name 6 = c1S/m: Conductivity, 2 [S/m]
# name 7 = sal00: Salinity, Practical [PSU]
# name 8 = sal11: Salinity, Practical, 2 [PSU]
# name 9 = latitude: Latitude [deg]
# name 10 = longitude: Longitude [deg]
# name 11 = sbeox0V: Oxygen raw, SBE 43 [V]
# name 12 = sbeox1V: Oxygen raw, SBE 43, 2 [V]
# name 13 = sbeox0ML/L: Oxygen, SBE 43 [ml/l]
# name 14 = sbeox1ML/L: Oxygen, SBE 43, 2 [ml/l]
# name 15 = flag:
# span 0 =  53.168549,  53.299404       
# span 1 =      0.479,  11306.479       
# span 2 =     -0.331,   4552.769       
# span 3 =     2.0843,    24.4738       
# span 4 =     2.0859,    24.4752       
# span 5 =   3.234614,   5.477999       
# span 6 =   3.234753,   5.477976       
# span 7 =    23.8360,    36.7848       
# span 8 =    34.8655,    36.7859       
# span 9 =   26.50135,   26.52264       
# span 10 =  -74.55029,  -74.51883      
# span 11 =     1.3652,     2.7933      
# span 12 =     1.2686,     2.5691      
# span 13 =    2.91966,    5.76262      
# span 14 =    2.96779,    5.70067      
# span 15 = 0.0000e+00, 0.0000e+00      
# interval = seconds: 1                 
# start_time = Feb 22 2016 04:02:42 [NMEA time, header]
# bad_flag = -9.990e-29
*END*
[from data line 7865]
  53.259579   7865.479   2178.491     3.0810     3.0816   3.262554   3.262715    34.9451    34.9463   26.51630  -74.54178     1.7941     1.6423    5.58848    5.51742 0.0000e+00
  53.259590   7866.479   2176.791     3.0817     3.0822   3.262556   3.262695    34.9451    34.9463   26.51632  -74.54179     1.7944     1.6426    5.58832    5.51741 0.0000e+00
  53.259602   7867.479   2175.504     3.0817     3.0821   3.262498   3.262648    34.9451    34.9464   26.51632  -74.54180     1.7949     1.6431    5.58932    5.51894 0.0000e+00
  53.259613   7868.479   2174.931     3.0809     3.0816   3.262420   3.262588    34.9453    34.9466   26.51632  -74.54180     1.7949     1.6433    5.58929    5.51960 0.0000e+00
  53.259624   7869.479   2175.022     3.0816     3.0819   3.262482   3.262630    34.9453    34.9467   26.51632  -74.54180     1.7951     1.6435    5.59014    5.52084 0.0000e+00
  53.259636   7870.479   2175.129     3.0822     3.0821   3.262542   3.262635    34.9453    34.9465   26.51632  -74.54180     1.7951     1.6434    5.59019    5.52018 0.0000e+00
  53.259647   7871.479   2174.461     3.0827     3.0821   3.262572   3.262592    34.9454    34.9463   26.51632  -74.54180     1.7951     1.6434    5.58927    5.51970 0.0000e+00
  53.259659   7872.479   2173.042     3.0840     3.0833   3.262634   3.262653    34.9455    34.9465   26.51632  -74.54180     1.7953     1.6434    5.58918    5.51873 0.0000e+00
  53.259670   7873.479   2171.395     3.0859     3.0862   3.262741   3.262865    34.9454    34.9466   26.51632  -74.54180     1.7956     1.6437    5.58868    5.51829 0.0000e+00
  53.259682   7874.479   2169.828     3.0868     3.0876   3.262760   3.262929    34.9454    34.9466   26.51632  -74.54180     1.7954     1.6436    5.58667    5.51671 0.0000e+00
  53.259693   7875.479   2168.345     3.0881     3.0886   3.262835   3.262962    34.9456    34.9467   26.51632  -74.54180     1.7957     1.6441    5.58667    5.51794 0.0000e+00
  53.259705   7876.479   2166.868     3.0895     3.0899   3.262896   3.263036    34.9456    34.9468   26.51634  -74.54182     1.7962     1.6445    5.58766    5.51837 0.0000e+00
  53.259716   7877.479   2165.602     3.0897     3.0904   3.262865   3.263021    34.9456    34.9467   26.51634  -74.54182     1.7967     1.6446    5.58868    5.51788 0.0000e+00
  53.259727   7878.479   2164.955     3.0890     3.0896   3.262782   3.262935    34.9457    34.9470   26.51634  -74.54182     1.7970     1.6447    5.58967    5.51812 0.0000e+00
  53.259739   7879.479   2164.879     3.0902     3.0896   3.262883   3.262939    34.9457    34.9471   26.51634  -74.54182     1.7974     1.6451    5.59116    5.51986 0.0000e+00
  53.259750   7880.479   2164.657     3.0902     3.0893   3.262874   3.262877    34.9457    34.9468   26.51634  -74.54182     1.7974     1.6448    5.59089    5.51863 0.0000e+00
  53.259762   7881.479   2163.741     3.0905     3.0900   3.262869   3.262914    34.9458    34.9468   26.51634  -74.54182     1.7975     1.6452    5.59081    5.51963 0.0000e+00
  53.259773   7882.479   2162.301     3.0914     3.0914   3.262894   3.262993    34.9458    34.9469   26.51634  -74.54182     1.7975     1.6455    5.58932    5.51954 0.0000e+00
  53.259785   7883.479   2160.611     3.0924     3.0927   3.262910   3.263041    34.9458    34.9470   26.51634  -74.54184     1.7976     1.6458    5.58858    5.51998 0.0000e+00
  53.259796   7884.479   2158.950     3.0944     3.0954   3.263042   3.263231    34.9459    34.9471   26.51634  -74.54184     1.7976     1.6459    5.58688    5.51844 0.0000e+00
  53.259808   7885.479   2157.475     3.0984     3.0992   3.263360   3.263526    34.9461    34.9472   26.51634  -74.54184     1.7981     1.6462    5.58755    5.51825 0.0000e+00
  53.259819   7886.479   2156.299     3.1030     3.1039   3.263722   3.263905    34.9460    34.9473   26.51636  -74.54185     1.7986     1.6460    5.58779    5.51590 0.0000e+00
  53.259830   7887.479   2155.615     3.0990     3.0988   3.263331   3.263420    34.9461    34.9473   26.51636  -74.54186     1.7988     1.6463    5.58902    5.51753 0.0000e+00
  53.259842   7888.479   2155.443     3.1031     3.0994   3.263713   3.263455    34.9463    34.9472   26.51636  -74.54186     1.7991     1.6466    5.58943    5.51879 0.0000e+00
  53.259857   7889.479   2155.323     3.1108     3.1071   3.264420   3.264183    34.9465    34.9476   26.51636  -74.54186     1.7988     1.6465    5.58701    5.51707 0.0000e+00
  53.259865   7890.479   2154.596     3.1113     3.1079   3.264443   3.264221    34.9466    34.9476   26.51636  -74.54186     1.7991     1.6468    5.58753    5.51789 0.0000e+00
  53.259880   7891.479   2153.220     3.1132     3.1131   3.264548   3.264643    34.9465    34.9477   26.51638  -74.54186     1.7991     1.6473    5.58608    5.51837 0.0000e+00
  53.259892   7892.479   2151.527     3.1149     3.1160   3.264657   3.264847    34.9468    34.9478   26.51638  -74.54186     1.7997     1.6474    5.58721    5.51734 0.0000e+00
  53.259903   7893.479   2149.779     3.1166     3.1175   3.264729   3.264912    34.9468    34.9479   26.51638  -74.54188     1.7997     1.6479    5.58571    5.51796 0.0000e+00
  53.259914   7894.479   2148.084     3.1174     3.1179   3.264741   3.264884    34.9469    34.9480   26.51640  -74.54188     1.7999     1.6482    5.58499    5.51854 0.0000e+00
  53.259926   7895.479   2146.573     3.1177     3.1181   3.264701   3.264841    34.9468    34.9480   26.51640  -74.54189     1.8004     1.6485    5.58599    5.51864 0.0000e+00
  53.259937   7896.479   2145.437     3.1177     3.1182   3.264662   3.264808    34.9469    34.9481   26.51640  -74.54190     1.8000     1.6486    5.58363    5.51830 0.0000e+00
  53.259949   7897.479   2144.749     3.1171     3.1174   3.264577   3.264711    34.9469    34.9482   26.51640  -74.54190     1.8005     1.6485    5.58543    5.51721 0.0000e+00
  53.259960   7898.479   2144.309     3.1178     3.1176   3.264611   3.264718    34.9469    34.9483   26.51640  -74.54189     1.8010     1.6489    5.58695    5.51884 0.0000e+00
  53.259972   7899.479   2143.815     3.1178     3.1176   3.264601   3.264681    34.9470    34.9482   26.51640  -74.54188     1.8009     1.6489    5.58638    5.51846 0.0000e+00
  53.259983   7900.479   2143.078     3.1186     3.1187   3.264652   3.264769    34.9470    34.9483   26.51640  -74.54189     1.8012     1.6491    5.58707    5.51874 0.0000e+00
  53.259995   7901.479   2142.057     3.1192     3.1198   3.264665   3.264818    34.9471    34.9483   26.51640  -74.54190     1.8015     1.6492    5.58746    5.51855 0.0000e+00
  53.260006   7902.479   2140.792     3.1196     3.1201   3.264653   3.264796    34.9471    34.9483   26.51640  -74.54190     1.8014     1.6494    5.58598    5.51858 0.0000e+00
  53.260017   7903.479   2139.348     3.1199     3.1204   3.264615   3.264756    34.9471    34.9483   26.51640  -74.54190     1.8020     1.6493    5.58750    5.51701 0.0000e+00
  53.260029   7904.479   2137.819     3.1202     3.1208   3.264584   3.264733    34.9471    34.9483   26.51640  -74.54191     1.8023     1.6496    5.58761    5.51732 0.0000e+00
  53.260040   7905.479   2136.408     3.1205     3.1209   3.264547   3.264700    34.9471    34.9485   26.51640  -74.54192     1.8028     1.6498    5.58857    5.51719 0.0000e+00
  53.260052   7906.479   2135.310     3.1206     3.1209   3.264522   3.264650    34.9472    34.9484   26.51642  -74.54192     1.8033     1.6503    5.59000    5.51866 0.0000e+00
  53.260063   7907.479   2134.448     3.1205     3.1210   3.264472   3.264615    34.9471    34.9483   26.51642  -74.54192     1.8033     1.6501    5.58917    5.51712 0.0000e+00
  53.260075   7908.479   2133.545     3.1205     3.1208   3.264433   3.264566    34.9472    34.9483   26.51640  -74.54192     1.8036     1.6504    5.58996    5.51815 0.0000e+00
  53.260086   7909.479   2132.443     3.1205     3.1209   3.264399   3.264531    34.9473    34.9484   26.51640  -74.54192     1.8035     1.6507    5.58874    5.51857 0.0000e+00
  53.260098   7910.479   2131.228     3.1209     3.1216   3.264387   3.264548    34.9473    34.9484   26.51640  -74.54192     1.8037     1.6507    5.58865    5.51756 0.0000e+00
  53.260109   7911.479   2130.091     3.1217     3.1234   3.264415   3.264673    34.9473    34.9485   26.51640  -74.54192     1.8039     1.6507    5.58829    5.51673 0.0000e+00
  53.260120   7912.479   2129.177     3.1226     3.1253   3.264464   3.264800    34.9473    34.9485   26.51640  -74.54194     1.8043     1.6508    5.58924    5.51619 0.0000e+00
  53.260132   7913.479   2128.444     3.1226     3.1236   3.264432   3.264634    34.9473    34.9486   26.51640  -74.54194     1.8041     1.6511    5.58799    5.51726 0.0000e+00
  53.260143   7914.479   2127.496     3.1243     3.1256   3.264552   3.264767    34.9473    34.9485   26.51642  -74.54194     1.8045     1.6514    5.58858    5.51761 0.0000e+00
  53.260155   7915.479   2126.130     3.1260     3.1269   3.264661   3.264836    34.9475    34.9487   26.51642  -74.54194     1.8046     1.6515    5.58773    5.51707 0.0000e+00
  53.260166   7916.479   2124.654     3.1268     3.1274   3.264670   3.264827    34.9475    34.9487   26.51642  -74.54194     1.8047     1.6518    5.58708    5.51729 0.0000e+00
  53.260178   7917.479   2123.476     3.1270     3.1277   3.264652   3.264804    34.9475    34.9487   26.51642  -74.54194     1.8047     1.6520    5.58614    5.51714 0.0000e+00
  53.260189   7918.479   2122.625     3.1270     3.1273   3.264610   3.264743    34.9475    34.9488   26.51642  -74.54194     1.8049     1.6521    5.58657    5.51708 0.0000e+00
  53.260201   7919.479   2121.807     3.1272     3.1271   3.264603   3.264682    34.9477    34.9487   26.51642  -74.54194     1.8051     1.6522    5.58671    5.51725 0.0000e+00
  53.260216   7920.479   2120.827     3.1278     3.1280   3.264606   3.264737    34.9475    34.9488   26.51640  -74.54194     1.8056     1.6524    5.58813    5.51712 0.0000e+00
  53.260223   7921.479   2119.727     3.1282     3.1286   3.264618   3.264756    34.9477    34.9489   26.51640  -74.54194     1.8057     1.6525    5.58754    5.51674 0.0000e+00
  53.260239   7922.479   2118.533     3.1291     3.1297   3.264638   3.264792    34.9476    34.9488   26.51640  -74.54194     1.8061     1.6526    5.58806    5.51651 0.0000e+00
  53.260250   7923.479   2117.285     3.1297     3.1303   3.264652   3.264806    34.9477    34.9489   26.51640  -74.54195     1.8064     1.6529    5.58853    5.51686 0.0000e+00
  53.260262   7924.479   2116.048     3.1303     3.1309   3.264668   3.264813    34.9478    34.9489   26.51642  -74.54196     1.8066     1.6533    5.58822    5.51759 0.0000e+00
  53.260273   7925.479   2114.903     3.1316     3.1323   3.264731   3.264890    34.9477    34.9490   26.51642  -74.54196     1.8071     1.6533    5.58924    5.51682 0.0000e+00
  53.260284   7926.479   2113.820     3.1331     3.1326   3.264824   3.264875    34.9477    34.9489   26.51642  -74.54196     1.8071     1.6534    5.58836    5.51651 0.0000e+00
  53.260296   7927.479   2112.688     3.1348     3.1354   3.264942   3.265105    34.9479    34.9491   26.51642  -74.54196     1.8073     1.6537    5.58829    5.51668 0.0000e+00
  53.260307   7928.479   2111.510     3.1382     3.1392   3.265205   3.265401    34.9480    34.9492   26.51642  -74.54196     1.8076     1.6543    5.58816    5.51789 0.0000e+00
  53.260319   7929.479   2110.445     3.1397     3.1405   3.265295   3.265473    34.9479    34.9492   26.51642  -74.54196     1.8081     1.6543    5.58910    5.51671 0.0000e+00
  53.260330   7930.479   2109.645     3.1397     3.1407   3.265275   3.265473    34.9481    34.9493   26.51642  -74.54196     1.8085     1.6546    5.59040    5.51754 0.0000e+00
  53.260342   7931.479   2108.963     3.1370     3.1405   3.264976   3.265426    34.9479    34.9494   26.51642  -74.54196     1.8088     1.6545    5.59133    5.51685 0.0000e+00
  53.260353   7932.479   2108.126     3.1404     3.1428   3.265275   3.265596    34.9481    34.9494   26.51642  -74.54196     1.8087     1.6548    5.58969    5.51712 0.0000e+00
  53.260365   7933.479   2107.127     3.1440     3.1463   3.265570   3.265874    34.9482    34.9494   26.51642  -74.54196     1.8088     1.6548    5.58908    5.51606 0.0000e+00
  53.260376   7934.479   2105.987     3.1458     3.1469   3.265693   3.265898    34.9483    34.9495   26.51642  -74.54198     1.8087     1.6550    5.58740    5.51614 0.0000e+00
  53.260387   7935.479   2104.586     3.1465     3.1474   3.265706   3.265889    34.9484    34.9496   26.51642  -74.54198     1.8087     1.6553    5.58610    5.51647 0.0000e+00
  53.260399   7936.479   2102.936     3.1470     3.1473   3.265676   3.265812    34.9484    34.9496   26.51642  -74.54198     1.8090     1.6555    5.58635    5.51606 0.0000e+00
  53.260410   7937.479   2101.340     3.1463     3.1464   3.265549   3.265660    34.9484    34.9496   26.51644  -74.54200     1.8095     1.6557    5.58745    5.51625 0.0000e+00
  53.260422   7938.479   2100.141     3.1462     3.1461   3.265492   3.265584    34.9485    34.9497   26.51644  -74.54200     1.8095     1.6558    5.58666    5.51569 0.0000e+00
  53.260433   7939.479   2099.562     3.1462     3.1462   3.265474   3.265589    34.9485    34.9499   26.51644  -74.54200     1.8099     1.6557    5.58782    5.51486 0.0000e+00
  53.260445   7940.479   2099.302     3.1460     3.1462   3.265438   3.265568    34.9485    34.9498   26.51642  -74.54200     1.8103     1.6563    5.58941    5.51766 0.0000e+00
  53.260456   7941.479   2098.782     3.1461     3.1463   3.265436   3.265544    34.9485    34.9496   26.51644  -74.54200     1.8105     1.6563    5.58981    5.51699 0.0000e+00
  53.260468   7942.479   2097.761     3.1459     3.1461   3.265375   3.265484    34.9485    34.9497   26.51644  -74.54200     1.8108     1.6566    5.59030    5.51779 0.0000e+00
  53.260479   7943.479   2096.402     3.1460     3.1459   3.265328   3.265419    34.9486    34.9497   26.51644  -74.54200     1.8108     1.6569    5.58952    5.51816 0.0000e+00
  53.260490   7944.479   2094.868     3.1461     3.1467   3.265274   3.265417    34.9485    34.9496   26.51644  -74.54200     1.8111     1.6571    5.58946    5.51790 0.0000e+00
  53.260502   7945.479   2093.344     3.1453     3.1457   3.265133   3.265281    34.9484    34.9498   26.51644  -74.54200     1.8114     1.6574    5.58977    5.51858 0.0000e+00
  53.260513   7946.479   2091.995     3.1443     3.1449   3.264990   3.265143    34.9485    34.9497   26.51644  -74.54201     1.8115     1.6579    5.58916    5.52006 0.0000e+00
  53.260525   7947.479   2090.926     3.1440     3.1446   3.264919   3.265074    34.9484    34.9497   26.51644  -74.54202     1.8116     1.6580    5.58908    5.52002 0.0000e+00
  53.260536   7948.479   2090.063     3.1440     3.1444   3.264889   3.265018    34.9485    34.9497   26.51644  -74.54202     1.8118     1.6582    5.58910    5.52016 0.0000e+00
  53.260551   7949.479   2089.190     3.1441     3.1444   3.264860   3.264991    34.9485    34.9497   26.51644  -74.54202     1.8122     1.6582    5.59039    5.51952 0.0000e+00
  53.260559   7950.479   2088.141     3.1450     3.1448   3.264895   3.264991    34.9484    34.9498   26.51644  -74.54202     1.8120     1.6587    5.58857    5.52113 0.0000e+00
  53.260574   7951.479   2086.962     3.1458     3.1468   3.264942   3.265132    34.9486    34.9499   26.51644  -74.54202     1.8124     1.6583    5.58940    5.51795 0.0000e+00
  53.260586   7952.479   2085.871     3.1468     3.1484   3.264971   3.265245    34.9485    34.9500   26.51644  -74.54202     1.8126     1.6587    5.58935    5.51922 0.0000e+00
  53.260597   7953.479   2085.031     3.1475     3.1489   3.265006   3.265242    34.9486    34.9498   26.51644  -74.54202     1.8126     1.6590    5.58826    5.51977 0.0000e+00
