data/raw_ctdtime/AB1602_time_013.cnv
* Sea-Bird SBE 9 Data File:
* FileName = D:\ctd\raw\ab1602_013.hex
* Software Version Seasave V 7.23.2
* Temperature SN = 5898
* Conductivity SN = 4229
* Number of Bytes Per Scan = 41
* Number of Voltage Words = 4
* Number of Scans Averaged by the Deck Unit = 1
* NMEA Latitude = 26 30.08 N
* NMEA Longitude = 074 31.13 W
* NMEA UTC (Time) = Feb 22 2016  04:02:42
* NMEA baud rate = 4800
# nquan = 16
# nvalues = 11307                       
# units = specified
# name 0 = timeJ: Julian Days
# name 1 = timeS: Time, Elapsed [seconds]
# name 2 = prDM: Pressure, Digiquartz [db]
# name 3 = t090C: Temperature [ITS-90, deg C]
# name 4 = t190C: Temperature, 2 [ITS-90, deg C]
# name 5 = c0S/m: Conductivity [S/m]
# name 6 = c1S/m: Conductivity, 2 [S/m]
# name 7 = sal00: Salinity, Practical [PSU]
# name 8 = sal11: Salinity, Practical, 2 [PSU]
# name 9 = latitude: Latitude [deg]
# name 10 = longitude: Longitude [deg]
# name 11 = sbeox0V: Oxygen raw, SBE 43 [V]
# name 12 = sbeox1V: Oxygen raw, SBE 43, 2 [V]
# name 13 = sbeox0ML/L: Oxygen, SBE 43 [ml/l]
# name 14 = sbeox1ML/L: Oxygen, SBE 43, 2 [ml/l]
# name 15 = flag:
# span 0 =  53.168549,  53.299404       
# span 1 =      0.479,  11306.479       
# span 2 =     -0.331,   4552.769       
# span 3 =     2.0843,    24.4738       
# span 4 =     2.0859,    24.4752       
# span 5 =   3.234614,   5.477999       
# span 6 =   3.234753,   5.477976       
# span 7 =    23.8360,    36.7848       
# span 8 =    34.8655,    36.7859       
# span 9 =   26.50135,   26.52264       
# span 10 =  -74.55029,  -74.51883      
# span 11 =     1.3652,     2.7933      
# span 12 =     1.2686,     2.5691      
# span 13 =    2.91966,    5.76262      
# span 14 =    2.96779,    5.70067      
# span 15 = 0.0000e+00, 0.0000e+00      
# interval = seconds: 1                 
# start_time = Feb 22 2016 04:02:42 [NMEA time, header]
# bad_flag = -9.990e-29
*END*
[from data line 10215]
  53.286777  10215.479    465.954    16.4509    16.4447   4.598926   4.598268    36.2651    36.2648   26.52042  -74.54810     2.0331     1.8557    3.84984    3.80017 0.0000e+00
  53.286789  10216.479    465.618    16.4531    16.4433   4.599144   4.598095    36.2652    36.2648   26.52042  -74.54810     2.0331     1.8558    3.84955    3.80054 0.0000e+00
  53.286800  10217.479    465.525    16.4524    16.4501   4.599033   4.598855    36.2651    36.2653   26.52042  -74.54810     2.0332     1.8559    3.84973    3.80008 0.0000e+00
  53.286812  10218.479    465.289    16.4528    16.4550   4.599099   4.599468    36.2655    36.2664   26.52042  -74.54810     2.0331     1.8561    3.84929    3.80030 0.0000e+00
  53.286823  10219.479    464.994    16.4614    16.4575   4.600129   4.599635    36.2667    36.2658   26.52042  -74.54810     2.0323     1.8563    3.84644    3.80038 0.0000e+00
  53.286835  10220.479    464.884    16.4622    16.4606   4.600214   4.600111    36.2669    36.2673   26.52044  -74.54810     2.0333     1.8569    3.84884    3.80195 0.0000e+00
  53.286846  10221.479    464.949    16.4667    16.4602   4.600786   4.600126    36.2678    36.2679   26.52044  -74.54812     2.0339     1.8576    3.85008    3.80374 0.0000e+00
  53.286858  10222.479    465.090    16.4643    16.4651   4.600451   4.600681    36.2671    36.2683   26.52044  -74.54812     2.0341     1.8572    3.85098    3.80250 0.0000e+00
  53.286869  10223.479    465.412    16.4611    16.4612   4.600051   4.600188    36.2665    36.2675   26.52044  -74.54812     2.0343     1.8579    3.85184    3.80495 0.0000e+00
  53.286880  10224.479    465.978    16.4518    16.4527   4.598940   4.599156    36.2651    36.2661   26.52044  -74.54812     2.0342     1.8578    3.85253    3.80559 0.0000e+00
  53.286892  10225.479    466.422    16.4494    16.4484   4.598694   4.598689    36.2650    36.2658   26.52044  -74.54812     2.0338     1.8582    3.85191    3.80705 0.0000e+00
  53.286903  10226.479    466.531    16.4494    16.4486   4.598692   4.598714    36.2650    36.2658   26.52044  -74.54812     2.0331     1.8581    3.85023    3.80705 0.0000e+00
  53.286915  10227.479    466.465    16.4500    16.4507   4.598782   4.598970    36.2652    36.2662   26.52044  -74.54812     2.0336     1.8578    3.85130    3.80588 0.0000e+00
  53.286926  10228.479    466.068    16.4533    16.4569   4.599190   4.599752    36.2659    36.2675   26.52044  -74.54812     2.0340     1.8583    3.85190    3.80663 0.0000e+00
  53.286938  10229.479    465.479    16.4597    16.4689   4.599963   4.601198    36.2671    36.2694   26.52044  -74.54812     2.0334     1.8584    3.84976    3.80556 0.0000e+00
  53.286949  10230.479    465.013    16.4647    16.4674   4.600566   4.601015    36.2679    36.2694   26.52044  -74.54812     2.0339     1.8583    3.85038    3.80529 0.0000e+00
  53.286961  10231.479    464.784    16.4673    16.4635   4.600903   4.600540    36.2687    36.2690   26.52044  -74.54813     2.0347     1.8583    3.85196    3.80549 0.0000e+00
  53.286972  10232.479    464.625    16.4697    16.4609   4.601112   4.600235    36.2684    36.2688   26.52046  -74.54814     2.0355     1.8590    3.85368    3.80762 0.0000e+00
  53.286983  10233.479    464.590    16.4747    16.4700   4.601803   4.601343    36.2699    36.2702   26.52046  -74.54814     2.0355     1.8586    3.85320    3.80573 0.0000e+00
  53.286995  10234.479    465.097    16.4711    16.4709   4.601250   4.601376    36.2683    36.2695   26.52046  -74.54814     2.0360     1.8591    3.85499    3.80721 0.0000e+00
  53.287006  10235.479    466.153    16.4564    16.4567   4.599467   4.599645    36.2658    36.2670   26.52046  -74.54814     2.0365     1.8596    3.85795    3.81041 0.0000e+00
  53.287018  10236.479    467.108    16.4479    16.4474   4.598576   4.598626    36.2654    36.2662   26.52046  -74.54814     2.0365     1.8594    3.85903    3.81103 0.0000e+00
  53.287033  10237.479    467.104    16.4505    16.4505   4.598868   4.599023    36.2655    36.2668   26.52046  -74.54814     2.0357     1.8589    3.85698    3.80933 0.0000e+00
  53.287041  10238.479    466.307    16.4616    16.4639   4.600275   4.600605    36.2679    36.2687   26.52046  -74.54814     2.0348     1.8582    3.85336    3.80595 0.0000e+00
  53.287056  10239.479    465.370    16.4711    16.4710   4.601389   4.601499    36.2693    36.2704   26.52046  -74.54814     2.0342     1.8581    3.85071    3.80470 0.0000e+00
  53.287067  10240.479    464.892    16.4714    16.4732   4.601296   4.601736    36.2685    36.2707   26.52046  -74.54814     2.0345     1.8590    3.85121    3.80677 0.0000e+00
  53.287079  10241.479    465.024    16.4649    16.4681   4.600568   4.601041    36.2680    36.2692   26.52048  -74.54814     2.0353     1.8597    3.85368    3.80907 0.0000e+00
  53.287090  10242.479    465.064    16.4671    16.4641   4.600851   4.600583    36.2685    36.2689   26.52048  -74.54816     2.0356     1.8608    3.85432    3.81262 0.0000e+00
  53.287102  10243.479    464.889    16.4705    16.4669   4.601312   4.600949    36.2695    36.2696   26.52048  -74.54816     2.0359     1.8607    3.85482    3.81183 0.0000e+00
  53.287113  10244.479    464.932    16.4776    16.4729   4.602098   4.601676    36.2698    36.2705   26.52048  -74.54818     2.0358     1.8599    3.85391    3.80925 0.0000e+00
  53.287125  10245.479    465.427    16.4677    16.4675   4.600875   4.600988    36.2681    36.2693   26.52048  -74.54818     2.0357     1.8607    3.85476    3.81205 0.0000e+00
  53.287136  10246.479    466.285    16.4538    16.4550   4.599216   4.599501    36.2660    36.2674   26.52048  -74.54818     2.0358     1.8607    3.85643    3.81359 0.0000e+00
  53.287148  10247.479    466.952    16.4478    16.4478   4.598524   4.598648    36.2652    36.2663   26.52048  -74.54818     2.0355     1.8596    3.85657    3.81149 0.0000e+00
  53.287159  10248.479    466.872    16.4504    16.4504   4.598890   4.598986    36.2660    36.2668   26.52046  -74.54818     2.0348     1.8582    3.85459    3.80723 0.0000e+00
  53.287170  10249.479    466.426    16.4578    16.4607   4.599799   4.600265    36.2673    36.2686   26.52048  -74.54818     2.0346     1.8573    3.85319    3.80354 0.0000e+00
  53.287182  10250.479    465.784    16.4718    16.4718   4.601499   4.601627    36.2695    36.2707   26.52048  -74.54818     2.0349     1.8577    3.85252    3.80355 0.0000e+00
  53.287193  10251.479    465.164    16.4768    16.4774   4.602086   4.602278    36.2703    36.2715   26.52048  -74.54819     2.0347     1.8584    3.85140    3.80471 0.0000e+00
  53.287205  10252.479    464.841    16.4741    16.4763   4.601714   4.602103    36.2698    36.2711   26.52048  -74.54820     2.0350     1.8594    3.85211    3.80764 0.0000e+00
  53.287216  10253.479    464.791    16.4774    16.4728   4.602145   4.601684    36.2706    36.2708   26.52048  -74.54820     2.0345     1.8597    3.85059    3.80872 0.0000e+00
  53.287228  10254.479    464.971    16.4781    16.4712   4.602166   4.601472    36.2700    36.2703   26.52050  -74.54822     2.0353     1.8597    3.85271    3.80900 0.0000e+00
  53.287239  10255.479    465.241    16.4741    16.4729   4.601679   4.601655    36.2694    36.2703   26.52050  -74.54822     2.0362     1.8597    3.85533    3.80883 0.0000e+00
  53.287251  10256.479    465.360    16.4689    16.4692   4.601051   4.601172    36.2686    36.2694   26.52050  -74.54820     2.0365     1.8596    3.85662    3.80903 0.0000e+00
  53.287262  10257.479    465.714    16.4651    16.4622   4.600597   4.600373    36.2680    36.2687   26.52048  -74.54820     2.0366     1.8596    3.85743    3.80975 0.0000e+00
  53.287273  10258.479    466.180    16.4607    16.4585   4.600075   4.599919    36.2673    36.2679   26.52048  -74.54820     2.0372     1.8596    3.85939    3.81013 0.0000e+00
  53.287285  10259.479    466.238    16.4615    16.4571   4.600202   4.599778    36.2676    36.2679   26.52048  -74.54820     2.0363     1.8592    3.85721    3.80912 0.0000e+00
  53.287296  10260.479    465.709    16.4671    16.4703   4.600941   4.601430    36.2692    36.2705   26.52048  -74.54820     2.0361     1.8594    3.85594    3.80838 0.0000e+00
  53.287308  10261.479    464.594    16.4835    16.4821   4.602954   4.602873    36.2721    36.2727   26.52048  -74.54820     2.0365     1.8585    3.85505    3.80449 0.0000e+00
  53.287319  10262.479    463.252    16.4933    16.4937   4.604064   4.604239    36.2734    36.2746   26.52050  -74.54822     2.0364     1.8583    3.85341    3.80234 0.0000e+00
  53.287331  10263.479    462.254    16.4977    16.4951   4.604539   4.604455    36.2741    36.2757   26.52050  -74.54822     2.0374     1.8593    3.85525    3.80461 0.0000e+00
  53.287342  10264.479    461.628    16.4926    16.4955   4.603894   4.604397    36.2734    36.2751   26.52050  -74.54822     2.0388     1.8607    3.85865    3.80825 0.0000e+00
  53.287354  10265.479    461.000    16.4968    16.5097   4.604294   4.606229    36.2733    36.2784   26.52052  -74.54822     2.0392     1.8620    3.85919    3.81038 0.0000e+00
  53.287365  10266.479    460.278    16.5220    16.5267   4.607618   4.608027    36.2795    36.2789   26.52052  -74.54822     2.0391     1.8626    3.85658    3.81051 0.0000e+00
  53.287376  10267.479    459.473    16.5506    16.5477   4.611033   4.610711    36.2836    36.2835   26.52050  -74.54822     2.0400     1.8643    3.85628    3.81311 0.0000e+00
  53.287392  10268.479    458.675    16.5622    16.5648   4.612387   4.612731    36.2854    36.2860   26.52050  -74.54822     2.0422     1.8659    3.86041    3.81587 0.0000e+00
  53.287399  10269.479    458.063    16.5674    16.5717   4.613005   4.613655    36.2864    36.2882   26.52050  -74.54822     2.0437     1.8680    3.86346    3.82095 0.0000e+00
  53.287415  10270.479    457.680    16.5728    16.5755   4.613669   4.614007    36.2876    36.2882   26.52050  -74.54823     2.0455     1.8699    3.86728    3.82561 0.0000e+00
  53.287426  10271.479    457.150    16.5725    16.5718   4.613495   4.613613    36.2868    36.2885   26.52050  -74.54824     2.0473     1.8712    3.87146    3.82933 0.0000e+00
  53.287437  10272.479    456.184    16.5806    16.5825   4.614591   4.614967    36.2895    36.2910   26.52050  -74.54824     2.0489     1.8726    3.87444    3.83185 0.0000e+00
  53.287449  10273.479    454.890    16.6198    16.6339   4.619372   4.621092    36.2959    36.2980   26.52052  -74.54823     2.0493     1.8723    3.87173    3.82649 0.0000e+00
  53.287460  10274.479    453.530    16.6635    16.6706   4.624650   4.625486    36.3027    36.3035   26.52052  -74.54823     2.0509     1.8734    3.87176    3.82606 0.0000e+00
  53.287472  10275.479    452.357    16.6931    16.6999   4.628152   4.629043    36.3069    36.3085   26.52052  -74.54824     2.0533     1.8762    3.87487    3.83100 0.0000e+00
  53.287483  10276.479    451.362    16.7128    16.7213   4.630365   4.631507    36.3090    36.3111   26.52052  -74.54824     2.0562     1.8799    3.87992    3.83901 0.0000e+00
  53.287495  10277.479    450.518    16.7281    16.7347   4.632192   4.633224    36.3116    36.3147   26.52052  -74.54824     2.0594     1.8831    3.88635    3.84655 0.0000e+00
  53.287506  10278.479    449.725    16.7429    16.7468   4.634098   4.634677    36.3153    36.3169   26.52052  -74.54825     2.0625     1.8855    3.89259    3.85195 0.0000e+00
  53.287518  10279.479    448.847    16.7592    16.7551   4.636091   4.635644    36.3185    36.3185   26.52052  -74.54826     2.0652     1.8880    3.89760    3.85766 0.0000e+00
  53.287529  10280.479    448.155    16.7604    16.7706   4.636249   4.637556    36.3194    36.3216   26.52052  -74.54826     2.0671     1.8898    3.90178    3.86119 0.0000e+00
  53.287540  10281.479    447.918    16.7755    16.7482   4.638015   4.635055    36.3214    36.3208   26.52052  -74.54826     2.0682     1.8910    3.90324    3.86605 0.0000e+00
  53.287552  10282.479    447.624    16.7661    16.7497   4.636779   4.634915    36.3198    36.3186   26.52052  -74.54826     2.0707     1.8923    3.91003    3.86949 0.0000e+00
  53.287563  10283.479    446.773    16.7871    16.7621   4.639392   4.636612    36.3239    36.3225   26.52052  -74.54826     2.0709     1.8923    3.90841    3.86799 0.0000e+00
  53.287575  10284.479    445.636    16.7995    16.7994   4.640939   4.641008    36.3267    36.3273   26.52052  -74.54826     2.0716     1.8920    3.90859    3.86389 0.0000e+00
  53.287586  10285.479    444.436    16.8389    16.8487   4.645772   4.646958    36.3334    36.3346   26.52052  -74.54828     2.0732     1.8918    3.90897    3.85880 0.0000e+00
  53.287598  10286.479    443.163    16.8866    16.8893   4.651636   4.651999    36.3416    36.3422   26.52054  -74.54828     2.0762     1.8931    3.91195    3.85839 0.0000e+00
  53.287609  10287.479    441.816    16.9055    16.9063   4.653794   4.654019    36.3440    36.3453   26.52054  -74.54828     2.0790     1.8959    3.91689    3.86419 0.0000e+00
  53.287621  10288.479    440.685    16.9150    16.9239   4.654835   4.656172    36.3453    36.3488   26.52054  -74.54828     2.0823     1.8994    3.92359    3.87210 0.0000e+00
  53.287632  10289.479    439.896    16.9037    16.9295   4.653332   4.656740    36.3434    36.3494   26.52054  -74.54829     2.0852     1.9032    3.93138    3.88162 0.0000e+00
  53.287643  10290.479    439.503    16.9018    16.9193   4.653530   4.655677    36.3473    36.3501   26.52054  -74.54830     2.0865     1.9057    3.93446    3.88916 0.0000e+00
  53.287655  10291.479    439.342    16.9472    16.9343   4.658759   4.657283    36.3516    36.3507   26.52054  -74.54829     2.0875     1.9074    3.93331    3.89271 0.0000e+00
  53.287666  10292.479    438.771    16.9474    16.9322   4.658822   4.656915    36.3525    36.3500   26.52054  -74.54828     2.0883     1.9083    3.93505    3.89517 0.0000e+00
  53.287678  10293.479    437.668    16.9758    16.9613   4.662300   4.660762    36.3575    36.3574   26.52054  -74.54829     2.0912     1.9086    3.93937    3.89309 0.0000e+00
  53.287689  10294.479    436.303    16.9949    16.9954   4.664536   4.664693    36.3602    36.3612   26.52054  -74.54830     2.0932     1.9100    3.94210    3.89353 0.0000e+00
  53.287701  10295.479    435.118    17.0050    17.0144   4.665673   4.666934    36.3618    36.3641   26.52054  -74.54830     2.0955     1.9117    3.94651    3.89619 0.0000e+00
  53.287712  10296.479    434.351    16.9984    17.0082   4.664794   4.666016    36.3609    36.3625   26.52054  -74.54830     2.0982     1.9141    3.95333    3.90289 0.0000e+00
  53.287727  10297.479    433.670    17.0065    16.9966   4.665885   4.664887    36.3635    36.3639   26.52054  -74.54830     2.0997     1.9154    3.95585    3.90716 0.0000e+00
  53.287735  10298.479    432.851    17.0405    17.0119   4.670010   4.666692    36.3687    36.3661   26.52056  -74.54830     2.1008     1.9171    3.95557    3.91004 0.0000e+00
  53.287750  10299.479    432.100    17.0605    17.0628   4.672485   4.672662    36.3725    36.3718   26.52056  -74.54830     2.1020     1.9180    3.95655    3.90832 0.0000e+00
  53.287762  10300.479    431.508    17.0673    17.0753   4.673281   4.674229    36.3738    36.3746   26.52056  -74.54830     2.1036     1.9191    3.95960    3.90998 0.0000e+00
  53.287773  10301.479    430.775    17.0824    17.0817   4.675045   4.675086    36.3759    36.3768   26.52056  -74.54830     2.1059     1.9215    3.96388    3.91568 0.0000e+00
  53.287785  10302.479    429.884    17.0893    17.0909   4.675860   4.676155    36.3774    36.3784   26.52056  -74.54830     2.1090     1.9243    3.97040    3.92222 0.0000e+00
  53.287796  10303.479    428.883    17.0969    17.0999   4.676739   4.677141    36.3787    36.3794   26.52056  -74.54830     2.1106     1.9243    3.97338    3.92108 0.0000e+00
  53.287807  10304.479    427.605    17.1122    17.1183   4.678648   4.679489    36.3820    36.3837   26.52056  -74.54830     2.1113     1.9256    3.97302    3.92237 0.0000e+00
