data/raw_ctdtime/AB1602_time_013.cnv
* Sea-Bird SBE 9 Data File:
* FileName = D:\ctd\raw\ab1602_013.hex
* Software Version Seasave V 7.23.2
* Temperature SN = 5898
* Conductivity SN = 4229
* Number of Bytes Per Scan = 41
* Number of Voltage Words = 4
* Number of Scans Averaged by the Deck Unit = 1
* NMEA Latitude = 26 30.08 N
* NMEA Longitude = 074 31.13 W
* NMEA UTC (Time) = Feb 22 2016  04:02:42
* NMEA baud rate = 4800
# nquan = 16
# nvalues = 11307                       
# units = specified
# name 0 = timeJ: Julian Days
# name 1 = timeS: Time, Elapsed [seconds]
# name 2 = prDM: Pressure, Digiquartz [db]
# name 3 = t090C: Temperature [ITS-90, deg C]
# name 4 = t190C: Temperature, 2 [ITS-90, deg C]
# name 5 = c0S/m: Conductivity [S/m]
# name 6 = c1S/m: Conductivity, 2 [S/m]
# name 7 = sal00: Salinity, Practical [PSU]
# name 8 = sal11: Salinity, Practical, 2 [PSU]
# name 9 = latitude: Latitude [deg]
# name 10 = longitude: Longitude [deg]
# name 11 = sbeox0V: Oxygen raw, SBE 43 [V]
# name 12 = sbeox1V: Oxygen raw, SBE 43, 2 [V]
# name 13 = sbeox0ML/L: Oxygen, SBE 43 [ml/l]
# name 14 = sbeox1ML/L: Oxygen, SBE 43, 2 [ml/l]
# name 15 = flag:
# span 0 =  53.168549,  53.299404       
# span 1 =      0.479,  11306.479       
# span 2 =     -0.331,   4552.769       
# span 3 =     2.0843,    24.4738       
# span 4 =     2.0859,    24.4752       
# span 5 =   3.234614,   5.477999       
# span 6 =   3.234753,   5.477976       
# span 7 =    23.8360,    36.7848       
# span 8 =    34.8655,    36.7859       
# span 9 =   26.50135,   26.52264       
# span 10 =  -74.55029,  -74.51883      
# span 11 =     1.3652,     2.7933      
# span 12 =     1.2686,     2.5691      
# span 13 =    2.91966,    5.76262      
# span 14 =    2.96779,    5.70067      
# span 15 = 0.0000e+00, 0.0000e+00      
# interval = seconds: 1                 
# start_time = Feb 22 2016 04:02:42 [NMEA time, header]
# bad_flag = -9.990e-29
*END*
[from data line 1537]
  53.186337   1537.479   1175.237     5.1480     5.1478   3.415025   3.415155    35.0457    35.0474   26.50526  -74.52257     1.9408     1.7719    5.15159    5.09088 0.0000e+00
  53.186348   1538.479   1175.799     5.1487     5.1422   3.415033   3.414629    35.0447    35.0469   26.50526  -74.52258     1.9414     1.7729    5.15407    5.09600 0.0000e+00
  53.186359   1539.479   1176.954     5.1379     5.1382   3.414141   3.414351    35.0453    35.0473   26.50526  -74.52258     1.9414     1.7736    5.15631    5.09976 0.0000e+00
  53.186371   1540.479   1178.566     5.1370     5.1373   3.414111   3.414305    35.0450    35.0469   26.50526  -74.52260     1.9414     1.7739    5.15771    5.10221 0.0000e+00
  53.186382   1541.479   1180.432     5.1310     5.1313   3.413616   3.407916    35.0446    34.9790   26.50526  -74.52260     1.9416     1.7741    5.16038    5.10725 0.0000e+00
  53.186394   1542.479   1182.149     5.1262     5.1264   3.413224   3.413381    35.0444    35.0459   26.50526  -74.52260     1.9420     1.7741    5.16374    5.10711 0.0000e+00
  53.186405   1543.479   1183.330     5.1230     5.1231   3.412963   3.413143    35.0440    35.0460   26.50526  -74.52260     1.9425     1.7744    5.16653    5.10951 0.0000e+00
  53.186417   1544.479   1184.105     5.1185     5.1187   3.412573   3.412756    35.0439    35.0458   26.50528  -74.52260     1.9428     1.7745    5.16884    5.11115 0.0000e+00
  53.186428   1545.479   1184.966     5.1154     5.1153   3.412305   3.412477    35.0436    35.0457   26.50528  -74.52260     1.9429     1.7741    5.17008    5.11049 0.0000e+00
  53.186440   1546.479   1185.779     5.1100     5.1101   3.411822   3.412018    35.0433    35.0454   26.50528  -74.52260     1.9433     1.7747    5.17303    5.11413 0.0000e+00
  53.186451   1547.479   1186.148     5.1144     5.1140   3.412323   3.412418    35.0440    35.0455   26.50528  -74.52260     1.9432     1.7746    5.17227    5.11338 0.0000e+00
  53.186462   1548.479   1186.356     5.1278     5.1193   3.413545   3.412897    35.0435    35.0452   26.50530  -74.52260     1.9437     1.7750    5.17220    5.11433 0.0000e+00
  53.186474   1549.479   1187.154     5.1124     5.1040   3.412047   3.411485    35.0425    35.0450   26.50530  -74.52261     1.9438     1.7754    5.17545    5.11875 0.0000e+00
  53.186485   1550.479   1188.477     5.0918     5.0919   3.410193   3.410373    35.0425    35.0443   26.50530  -74.52262     1.9438     1.7754    5.17901    5.12123 0.0000e+00
  53.186501   1551.479   1189.881     5.0808     5.0809   3.409233   3.409415    35.0424    35.0442   26.50528  -74.52262     1.9437     1.7751    5.18129    5.12259 0.0000e+00
  53.186508   1552.479   1191.159     5.0763     5.0764   3.408872   3.409051    35.0422    35.0441   26.50528  -74.52262     1.9437     1.7750    5.18259    5.12367 0.0000e+00
  53.186523   1553.479   1192.429     5.0755     5.0758   3.408863   3.409064    35.0421    35.0441   26.50528  -74.52262     1.9439     1.7749    5.18447    5.12415 0.0000e+00
  53.186535   1554.479   1193.951     5.0738     5.0739   3.408733   3.408918    35.0416    35.0436   26.50528  -74.52262     1.9451     1.7753    5.19004    5.12689 0.0000e+00
  53.186546   1555.479   1195.552     5.0648     5.0650   3.407943   3.408131    35.0413    35.0431   26.50530  -74.52262     1.9462     1.7758    5.19615    5.13144 0.0000e+00
  53.186558   1556.479   1196.808     5.0581     5.0583   3.407355   3.407557    35.0409    35.0430   26.50530  -74.52262     1.9467     1.7763    5.19989    5.13487 0.0000e+00
  53.186569   1557.479   1197.373     5.0588     5.0578   3.407469   3.407538    35.0410    35.0429   26.50530  -74.52262     1.9473     1.7775    5.20235    5.14021 0.0000e+00
  53.186581   1558.479   1197.383     5.0738     5.0679   3.408880   3.408504    35.0411    35.0431   26.50530  -74.52262     1.9478     1.7779    5.20172    5.14067 0.0000e+00
  53.186592   1559.479   1197.593     5.0723     5.0705   3.408733   3.408737    35.0408    35.0428   26.50530  -74.52264     1.9485     1.7790    5.20467    5.14469 0.0000e+00
  53.186604   1560.479   1198.447     5.0583     5.0525   3.407351   3.406969    35.0395    35.0413   26.50532  -74.52264     1.9488     1.7797    5.20840    5.15080 0.0000e+00
  53.186615   1561.479   1199.709     5.0285     5.0286   3.404685   3.404855    35.0400    35.0418   26.50532  -74.52264     1.9481     1.7797    5.21097    5.15487 0.0000e+00
  53.186626   1562.479   1201.207     5.0183     5.0180   3.403726   3.403865    35.0389    35.0409   26.50532  -74.52266     1.9476     1.7790    5.21150    5.15442 0.0000e+00
  53.186638   1563.479   1202.836     5.0015     5.0016   3.402168   3.402342    35.0380    35.0399   26.50532  -74.52266     1.9475     1.7787    5.21472    5.15648 0.0000e+00
  53.186649   1564.479   1204.318     4.9841     4.9847   3.400635   3.400873    35.0380    35.0400   26.50532  -74.52266     1.9482     1.7789    5.22079    5.16079 0.0000e+00
  53.186661   1565.479   1205.345     4.9830     4.9827   3.400572   3.400712    35.0377    35.0395   26.50532  -74.52266     1.9490     1.7795    5.22451    5.16423 0.0000e+00
  53.186672   1566.479   1205.876     4.9941     4.9846   3.401696   3.400926    35.0382    35.0395   26.50532  -74.52266     1.9504     1.7808    5.22830    5.16967 0.0000e+00
  53.186684   1567.479   1206.552     4.9898     4.9815   3.401182   3.400672    35.0365    35.0393   26.50532  -74.52266     1.9520     1.7823    5.23517    5.17651 0.0000e+00
  53.186695   1568.479   1207.703     4.9764     4.9762   3.400044   3.400180    35.0369    35.0386   26.50532  -74.52266     1.9532     1.7836    5.24206    5.18320 0.0000e+00
  53.186707   1569.479   1208.887     4.9593     4.9592   3.398434   3.398600    35.0359    35.0379   26.50534  -74.52267     1.9536     1.7842    5.24674    5.18905 0.0000e+00
  53.186718   1570.479   1209.938     4.9516     4.9519   3.397773   3.397963    35.0358    35.0376   26.50534  -74.52268     1.9540     1.7847    5.24989    5.19287 0.0000e+00
  53.186729   1571.479   1210.880     4.9462     4.9464   3.397296   3.397498    35.0354    35.0374   26.50534  -74.52268     1.9546     1.7850    5.25363    5.19529 0.0000e+00
  53.186741   1572.479   1211.690     4.9409     4.9410   3.396812   3.396993    35.0349    35.0368   26.50534  -74.52268     1.9555     1.7854    5.25799    5.19840 0.0000e+00
  53.186752   1573.479   1212.395     4.9310     4.9312   3.395884   3.396075    35.0343    35.0362   26.50534  -74.52268     1.9564     1.7861    5.26331    5.20307 0.0000e+00
  53.186764   1574.479   1213.296     4.9224     4.9226   3.395134   3.395314    35.0342    35.0360   26.50534  -74.52270     1.9572     1.7863    5.26800    5.20546 0.0000e+00
  53.186775   1575.479   1214.563     4.9168     4.9170   3.394654   3.394837    35.0338    35.0357   26.50534  -74.52270     1.9578     1.7868    5.27158    5.20936 0.0000e+00
  53.186787   1576.479   1216.076     4.9062     4.9062   3.393661   3.393826    35.0327    35.0346   26.50534  -74.52270     1.9583     1.7872    5.27627    5.21360 0.0000e+00
  53.186798   1577.479   1217.545     4.8871     4.8872   3.391963   3.392141    35.0326    35.0346   26.50534  -74.52270     1.9587     1.7875    5.28137    5.21850 0.0000e+00
  53.186810   1578.479   1218.792     4.8783     4.8785   3.391186   3.391377    35.0323    35.0342   26.50534  -74.52270     1.9596     1.7882    5.28657    5.22303 0.0000e+00
  53.186821   1579.479   1219.765     4.8749     4.8753   3.390892   3.391099    35.0318    35.0337   26.50534  -74.52270     1.9604     1.7883    5.29070    5.22488 0.0000e+00
  53.186836   1580.479   1220.485     4.8719     4.8721   3.390645   3.390822    35.0315    35.0333   26.50534  -74.52270     1.9613     1.7897    5.29497    5.23147 0.0000e+00
  53.186844   1581.479   1221.084     4.8696     4.8700   3.390447   3.390657    35.0312    35.0331   26.50534  -74.52270     1.9627     1.7910    5.30083    5.23720 0.0000e+00
  53.186859   1582.479   1221.652     4.8683     4.8689   3.390341   3.390576    35.0309    35.0329   26.50536  -74.52271     1.9635     1.7922    5.30427    5.24292 0.0000e+00
  53.186871   1583.479   1222.286     4.8660     4.8669   3.390183   3.390422    35.0310    35.0328   26.50536  -74.52272     1.9640     1.7925    5.30686    5.24473 0.0000e+00
  53.186882   1584.479   1223.260     4.8631     4.8625   3.389919   3.390037    35.0305    35.0324   26.50536  -74.52272     1.9644     1.7929    5.30910    5.24777 0.0000e+00
  53.186893   1585.479   1224.654     4.8521     4.8521   3.388953   3.389109    35.0302    35.0321   26.50538  -74.52273     1.9647     1.7931    5.31288    5.25107 0.0000e+00
  53.186905   1586.479   1226.183     4.8417     4.8418   3.388018   3.388203    35.0297    35.0317   26.50538  -74.52274     1.9651     1.7933    5.31688    5.25424 0.0000e+00
  53.186916   1587.479   1227.574     4.8323     4.8326   3.387161   3.387357    35.0290    35.0309   26.50538  -74.52274     1.9657     1.7935    5.32123    5.25753 0.0000e+00
  53.186928   1588.479   1228.775     4.8207     4.8210   3.386132   3.386332    35.0288    35.0308   26.50536  -74.52274     1.9660     1.7937    5.32501    5.26042 0.0000e+00
  53.186939   1589.479   1229.897     4.8154     4.8161   3.385685   3.385912    35.0285    35.0304   26.50538  -74.52273     1.9666     1.7944    5.32878    5.26493 0.0000e+00
  53.186951   1590.479   1230.984     4.8103     4.8099   3.385208   3.385321    35.0278    35.0294   26.50538  -74.52274     1.9671     1.7949    5.33218    5.26880 0.0000e+00
  53.186962   1591.479   1231.844     4.7987     4.7988   3.384171   3.384347    35.0276    35.0295   26.50538  -74.52274     1.9678     1.7956    5.33676    5.27383 0.0000e+00
  53.186974   1592.479   1232.411     4.7977     4.7999   3.384097   3.384436    35.0272    35.0288   26.50538  -74.52274     1.9684     1.7963    5.33952    5.27672 0.0000e+00
  53.186985   1593.479   1233.052     4.7947     4.7952   3.383837   3.384057    35.0270    35.0290   26.50540  -74.52276     1.9690     1.7968    5.34245    5.27970 0.0000e+00
  53.186996   1594.479   1233.882     4.7923     4.7927   3.383633   3.383843    35.0267    35.0287   26.50540  -74.52276     1.9695     1.7972    5.34518    5.28254 0.0000e+00
  53.187008   1595.479   1234.810     4.7892     4.7897   3.383390   3.383605    35.0265    35.0285   26.50540  -74.52276     1.9697     1.7973    5.34712    5.28400 0.0000e+00
  53.187019   1596.479   1235.924     4.7860     4.7864   3.383131   3.383325    35.0263    35.0281   26.50540  -74.52276     1.9700     1.7976    5.34936    5.28643 0.0000e+00
  53.187031   1597.479   1237.348     4.7787     4.7790   3.382478   3.382679    35.0257    35.0277   26.50540  -74.52276     1.9705     1.7984    5.35318    5.29172 0.0000e+00
  53.187042   1598.479   1238.933     4.7681     4.7684   3.381540   3.381737    35.0253    35.0272   26.50540  -74.52276     1.9706     1.7985    5.35652    5.29484 0.0000e+00
  53.187054   1599.479   1240.279     4.7597     4.7598   3.380796   3.380974    35.0249    35.0268   26.50540  -74.52277     1.9707     1.7985    5.35906    5.29674 0.0000e+00
  53.187065   1600.479   1241.167     4.7555     4.7557   3.380454   3.380646    35.0248    35.0268   26.50540  -74.52278     1.9707     1.7989    5.36028    5.29971 0.0000e+00
  53.187077   1601.479   1241.835     4.7529     4.7536   3.380225   3.380461    35.0244    35.0264   26.50540  -74.52278     1.9712     1.7992    5.36293    5.30168 0.0000e+00
  53.187088   1602.479   1242.583     4.7496     4.7500   3.379963   3.380165    35.0244    35.0263   26.50542  -74.52278     1.9715     1.7994    5.36478    5.30367 0.0000e+00
  53.187099   1603.479   1243.466     4.7477     4.7481   3.379803   3.380012    35.0240    35.0260   26.50542  -74.52278     1.9719     1.7998    5.36708    5.30616 0.0000e+00
  53.187111   1604.479   1244.516     4.7392     4.7396   3.379040   3.379246    35.0237    35.0256   26.50542  -74.52278     1.9720     1.8003    5.36944    5.31020 0.0000e+00
  53.187122   1605.479   1245.704     4.7328     4.7327   3.378508   3.378661    35.0236    35.0255   26.50542  -74.52280     1.9721     1.8005    5.37181    5.31284 0.0000e+00
  53.187134   1606.479   1246.797     4.7310     4.7318   3.378366   3.378613    35.0232    35.0252   26.50542  -74.52280     1.9726     1.8008    5.37459    5.31479 0.0000e+00
  53.187145   1607.479   1247.764     4.7264     4.7268   3.377977   3.378186    35.0230    35.0250   26.50544  -74.52280     1.9731     1.8010    5.37766    5.31720 0.0000e+00
  53.187157   1608.479   1248.906     4.7233     4.7236   3.377740   3.377927    35.0229    35.0248   26.50544  -74.52280     1.9736     1.8016    5.38080    5.32076 0.0000e+00
  53.187172   1609.479   1250.317     4.7193     4.7199   3.377414   3.377620    35.0226    35.0244   26.50544  -74.52280     1.9741     1.8022    5.38431    5.32478 0.0000e+00
  53.187180   1610.479   1251.672     4.7087     4.7080   3.376432   3.376535    35.0219    35.0238   26.50544  -74.52280     1.9743     1.8022    5.38745    5.32746 0.0000e+00
  53.187195   1611.479   1252.617     4.7020     4.7021   3.375868   3.376034    35.0218    35.0237   26.50544  -74.52280     1.9744     1.8023    5.38951    5.32958 0.0000e+00
  53.187206   1612.479   1253.186     4.7006     4.7015   3.375742   3.375995    35.0215    35.0235   26.50544  -74.52282     1.9753     1.8023    5.39334    5.32986 0.0000e+00
  53.187218   1613.479   1253.812     4.6992     4.6994   3.375643   3.375826    35.0213    35.0233   26.50544  -74.52282     1.9756     1.8025    5.39496    5.33123 0.0000e+00
  53.187229   1614.479   1254.699     4.6979     4.6982   3.375562   3.375757    35.0213    35.0232   26.50544  -74.52282     1.9757     1.8027    5.39634    5.33285 0.0000e+00
  53.187241   1615.479   1255.720     4.6953     4.6963   3.375350   3.375615    35.0210    35.0230   26.50544  -74.52282     1.9759     1.8033    5.39796    5.33655 0.0000e+00
  53.187252   1616.479   1256.712     4.6933     4.6934   3.375220   3.375381    35.0210    35.0228   26.50546  -74.52283     1.9760     1.8035    5.39927    5.33831 0.0000e+00
  53.187263   1617.479   1257.667     4.6916     4.6917   3.375096   3.375274    35.0208    35.0228   26.50544  -74.52284     1.9761     1.8043    5.40060    5.34252 0.0000e+00
  53.187275   1618.479   1258.843     4.6885     4.6886   3.374846   3.375042    35.0206    35.0227   26.50544  -74.52284     1.9761     1.8039    5.40197    5.34233 0.0000e+00
  53.187286   1619.479   1260.327     4.6846     4.6849   3.374545   3.374732    35.0204    35.0224   26.50544  -74.52284     1.9759     1.8043    5.40280    5.34544 0.0000e+00
  53.187298   1620.479   1261.906     4.6800     4.6794   3.374186   3.374301    35.0203    35.0223   26.50544  -74.52284     1.9759     1.8043    5.40472    5.34749 0.0000e+00
  53.187309   1621.479   1263.307     4.6702     4.6702   3.373272   3.373446    35.0196    35.0216   26.50544  -74.52284     1.9761     1.8042    5.40774    5.34934 0.0000e+00
  53.187321   1622.479   1264.275     4.6597     4.6606   3.372313   3.372577    35.0191    35.0212   26.50542  -74.52284     1.9764     1.8042    5.41117    5.35125 0.0000e+00
  53.187332   1623.479   1264.764     4.6438     4.6466   3.370822   3.371259    35.0185    35.0206   26.50542  -74.52284     1.9769     1.8044    5.41550    5.35455 0.0000e+00
  53.187344   1624.479   1265.067     4.6397     4.6410   3.370467   3.370755    35.0184    35.0204   26.50542  -74.52286     1.9768     1.8042    5.41594    5.35481 0.0000e+00
  53.187355   1625.479   1265.574     4.6360     4.6368   3.370125   3.370374    35.0180    35.0201   26.50542  -74.52286     1.9770     1.8043    5.41763    5.35607 0.0000e+00
  53.187366   1626.479   1266.506     4.6330     4.6333   3.369892   3.370096    35.0179    35.0200   26.50544  -74.52286     1.9772     1.8045    5.41962    5.35812 0.0000e+00
