data/raw_ctdtime/AB1602_time_013.cnv
* Sea-Bird SBE 9 Data File:
* FileName = D:\ctd\raw\ab1602_013.hex
* Software Version Seasave V 7.23.2
* Temperature SN = 5898
* Conductivity SN = 4229
* Number of Bytes Per Scan = 41
* Number of Voltage Words = 4
* Number of Scans Averaged by the Deck Unit = 1
* NMEA Latitude = 26 30.08 N
* NMEA Longitude = 074 31.13 W
* NMEA UTC (Time) = Feb 22 2016  04:02:42
* NMEA baud rate = 4800
# nquan = 16
# nvalues = 11307                       
# units = specified
# name 0 = timeJ: Julian Days
# name 1 = timeS: Time, Elapsed [seconds]
# name 2 = prDM: Pressure, Digiquartz [db]
# name 3 = t090C: Temperature [ITS-90, deg C]
# name 4 = t190C: Temperature, 2 [ITS-90, deg C]
# name 5 = c0S/m: Conductivity [S/m]
# name 6 = c1S/m: Conductivity, 2 [S/m]
# name 7 = sal00: Salinity, Practical [PSU]
# name 8 = sal11: Salinity, Practical, 2 [PSU]
# name 9 = latitude: Latitude [deg]
# name 10 = longitude: Longitude [deg]
# name 11 = sbeox0V: Oxygen raw, SBE 43 [V]
# name 12 = sbeox1V: Oxygen raw, SBE 43, 2 [V]
# name 13 = sbeox0ML/L: Oxygen, SBE 43 [ml/l]
# name 14 = sbeox1ML/L: Oxygen, SBE 43, 2 [ml/l]
# name 15 = flag:
# span 0 =  53.168549,  53.299404       
# span 1 =      0.479,  11306.479       
# span 2 =     -0.331,   4552.769       
# span 3 =     2.0843,    24.4738       
# span 4 =     2.0859,    24.4752       
# span 5 =   3.234614,   5.477999       
# span 6 =   3.234753,   5.477976       
# span 7 =    23.8360,    36.7848       
# span 8 =    34.8655,    36.7859       
# span 9 =   26.50135,   26.52264       
# span 10 =  -74.55029,  -74.51883      
# span 11 =     1.3652,     2.7933      
# span 12 =     1.2686,     2.5691      
# span 13 =    2.91966,    5.76262      
# span 14 =    2.96779,    5.70067      
# span 15 = 0.0000e+00, 0.0000e+00      
# interval = seconds: 1                 
# start_time = Feb 22 2016 04:02:42 [NMEA time, header]
# bad_flag = -9.990e-29
*END*
[from data line 3978]
  53.214588   3978.479   3618.402     2.2517     2.2528   3.239569   3.239691    34.8944    34.8946   26.51006  -74.53032     1.5546     1.4345    5.63980    5.58096 0.0000e+00
  53.214600   3979.479   3619.464     2.2515     2.2527   3.239584   3.239714    34.8942    34.8945   26.51006  -74.53032     1.5545     1.4344    5.64021    5.58077 0.0000e+00
  53.214611   3980.479   3620.020     2.2516     2.2528   3.239595   3.239728    34.8940    34.8943   26.51006  -74.53033     1.5546     1.4341    5.64087    5.57982 0.0000e+00
  53.214622   3981.479   3620.224     2.2517     2.2530   3.239614   3.239746    34.8941    34.8943   26.51006  -74.53034     1.5542     1.4339    5.63901    5.57866 0.0000e+00
  53.214634   3982.479   3620.559     2.2516     2.2528   3.239617   3.239752    34.8941    34.8944   26.51006  -74.53034     1.5540     1.4341    5.63825    5.58029 0.0000e+00
  53.214645   3983.479   3621.388     2.2512     2.2524   3.239628   3.239762    34.8943    34.8947   26.51006  -74.53034     1.5539     1.4339    5.63831    5.57937 0.0000e+00
  53.214657   3984.479   3622.652     2.2509     2.2521   3.239645   3.239786    34.8942    34.8947   26.51006  -74.53034     1.5537     1.4335    5.63802    5.57779 0.0000e+00
  53.214668   3985.479   3624.144     2.2509     2.2521   3.239696   3.239834    34.8943    34.8947   26.51006  -74.53034     1.5532     1.4335    5.63662    5.57919 0.0000e+00
  53.214684   3986.479   3625.713     2.2510     2.2523   3.239763   3.239898    34.8943    34.8945   26.51006  -74.53036     1.5533     1.4335    5.63820    5.58000 0.0000e+00
  53.214691   3987.479   3627.245     2.2504     2.2516   3.239750   3.239885    34.8941    34.8945   26.51006  -74.53036     1.5533     1.4330    5.63944    5.57850 0.0000e+00
  53.214706   3988.479   3628.607     2.2493     2.2505   3.239691   3.239830    34.8940    34.8944   26.51006  -74.53036     1.5529     1.4333    5.63875    5.58150 0.0000e+00
  53.214718   3989.479   3629.777     2.2488     2.2501   3.239692   3.239834    34.8940    34.8944   26.51006  -74.53036     1.5530     1.4330    5.64014    5.58060 0.0000e+00
  53.214729   3990.479   3630.754     2.2487     2.2499   3.239715   3.239838    34.8940    34.8942   26.51006  -74.53036     1.5527     1.4324    5.63950    5.57799 0.0000e+00
  53.214741   3991.479   3631.393     2.2487     2.2500   3.239731   3.239860    34.8938    34.8941   26.51006  -74.53036     1.5525     1.4323    5.63885    5.57754 0.0000e+00
  53.214752   3992.479   3631.550     2.2488     2.2502   3.239727   3.239887    34.8937    34.8941   26.51006  -74.53036     1.5524     1.4322    5.63810    5.57700 0.0000e+00
  53.214764   3993.479   3631.539     2.2488     2.2501   3.239736   3.239877    34.8937    34.8941   26.51006  -74.53038     1.5523     1.4322    5.63781    5.57730 0.0000e+00
  53.214775   3994.479   3631.971     2.2489     2.2499   3.239770   3.239890    34.8939    34.8942   26.51006  -74.53039     1.5521     1.4322    5.63688    5.57764 0.0000e+00
  53.214787   3995.479   3633.077     2.2488     2.2499   3.239807   3.239946    34.8940    34.8944   26.51006  -74.53040     1.5519     1.4321    5.63693    5.57752 0.0000e+00
  53.214798   3996.479   3634.570     2.2486     2.2498   3.239849   3.239985    34.8940    34.8944   26.51006  -74.53040     1.5516     1.4321    5.63640    5.57853 0.0000e+00
  53.214809   3997.479   3636.186     2.2474     2.2485   3.239790   3.239919    34.8940    34.8943   26.51008  -74.53040     1.5514     1.4313    5.63661    5.57555 0.0000e+00
  53.214821   3998.479   3637.867     2.2467     2.2480   3.239788   3.239924    34.8940    34.8942   26.51008  -74.53040     1.5513     1.4311    5.63733    5.57527 0.0000e+00
  53.214832   3999.479   3639.490     2.2467     2.2479   3.239835   3.239971    34.8938    34.8941   26.51008  -74.53040     1.5510     1.4310    5.63690    5.57613 0.0000e+00
  53.214844   4000.479   3640.866     2.2462     2.2474   3.239832   3.239966    34.8937    34.8940   26.51008  -74.53040     1.5508     1.4306    5.63720    5.57490 0.0000e+00
  53.214855   4001.479   3641.845     2.2458     2.2471   3.239817   3.239965    34.8936    34.8940   26.51008  -74.53040     1.5506     1.4302    5.63666    5.57334 0.0000e+00
  53.214867   4002.479   3642.446     2.2458     2.2471   3.239838   3.239979    34.8935    34.8938   26.51010  -74.53040     1.5506     1.4303    5.63726    5.57410 0.0000e+00
  53.214878   4003.479   3642.904     2.2458     2.2470   3.239848   3.239982    34.8935    34.8937   26.51010  -74.53040     1.5501     1.4302    5.63505    5.57367 0.0000e+00
  53.214890   4004.479   3643.393     2.2457     2.2470   3.239868   3.240005    34.8935    34.8938   26.51010  -74.53040     1.5498     1.4302    5.63352    5.57406 0.0000e+00
  53.214901   4005.479   3643.886     2.2456     2.2468   3.239874   3.239996    34.8935    34.8937   26.51010  -74.53040     1.5498     1.4301    5.63428    5.57394 0.0000e+00
  53.214912   4006.479   3644.486     2.2450     2.2462   3.239841   3.239971    34.8935    34.8938   26.51010  -74.53042     1.5495     1.4301    5.63301    5.57488 0.0000e+00
  53.214924   4007.479   3645.469     2.2444     2.2457   3.239819   3.239959    34.8935    34.8938   26.51010  -74.53042     1.5495     1.4298    5.63384    5.57355 0.0000e+00
  53.214935   4008.479   3646.902     2.2438     2.2452   3.239834   3.239966    34.8937    34.8938   26.51010  -74.53042     1.5492     1.4298    5.63336    5.57468 0.0000e+00
  53.214947   4009.479   3648.530     2.2440     2.2454   3.239909   3.240050    34.8936    34.8939   26.51010  -74.53042     1.5488     1.4294    5.63254    5.57336 0.0000e+00
  53.214958   4010.479   3650.100     2.2443     2.2457   3.239991   3.240123    34.8936    34.8938   26.51010  -74.53042     1.5485     1.4291    5.63218    5.57269 0.0000e+00
  53.214970   4011.479   3651.500     2.2446     2.2459   3.240059   3.240187    34.8935    34.8937   26.51010  -74.53043     1.5483     1.4290    5.63181    5.57301 0.0000e+00
  53.214981   4012.479   3652.687     2.2446     2.2459   3.240101   3.240225    34.8935    34.8936   26.51010  -74.53044     1.5484     1.4287    5.63307    5.57204 0.0000e+00
  53.214993   4013.479   3653.661     2.2448     2.2461   3.240142   3.240273    34.8934    34.8936   26.51012  -74.53044     1.5482     1.4284    5.63269    5.57091 0.0000e+00
  53.215004   4014.479   3654.394     2.2449     2.2461   3.240164   3.240300    34.8932    34.8935   26.51012  -74.53043     1.5481     1.4285    5.63280    5.57232 0.0000e+00
  53.215015   4015.479   3654.832     2.2450     2.2462   3.240189   3.240323    34.8932    34.8935   26.51012  -74.53043     1.5480     1.4285    5.63259    5.57236 0.0000e+00
  53.215027   4016.479   3655.127     2.2452     2.2463   3.240229   3.240337    34.8933    34.8935   26.51012  -74.53044     1.5477     1.4285    5.63127    5.57254 0.0000e+00
  53.215042   4017.479   3655.721     2.2450     2.2463   3.240234   3.240375    34.8933    34.8937   26.51012  -74.53044     1.5476     1.4284    5.63089    5.57235 0.0000e+00
  53.215050   4018.479   3656.818     2.2450     2.2464   3.240283   3.240420    34.8935    34.8937   26.51012  -74.53044     1.5475     1.4283    5.63122    5.57274 0.0000e+00
  53.215065   4019.479   3658.221     2.2452     2.2465   3.240348   3.240488    34.8935    34.8937   26.51012  -74.53044     1.5473     1.4282    5.63114    5.57309 0.0000e+00
  53.215076   4020.479   3659.730     2.2442     2.2456   3.240314   3.240455    34.8934    34.8936   26.51012  -74.53044     1.5473     1.4281    5.63267    5.57373 0.0000e+00
  53.215088   4021.479   3661.168     2.2437     2.2450   3.240313   3.240445    34.8934    34.8936   26.51012  -74.53044     1.5472     1.4277    5.63331    5.57236 0.0000e+00
  53.215099   4022.479   3662.391     2.2443     2.2456   3.240402   3.240539    34.8933    34.8936   26.51012  -74.53044     1.5471     1.4279    5.63356    5.57440 0.0000e+00
  53.215111   4023.479   3663.243     2.2437     2.2450   3.240375   3.240502    34.8933    34.8934   26.51012  -74.53046     1.5469     1.4275    5.63292    5.57265 0.0000e+00
  53.215122   4024.479   3663.785     2.2435     2.2448   3.240371   3.240493    34.8931    34.8933   26.51014  -74.53046     1.5466     1.4275    5.63210    5.57309 0.0000e+00
  53.215134   4025.479   3664.418     2.2434     2.2447   3.240380   3.240527    34.8931    34.8935   26.51014  -74.53048     1.5465     1.4274    5.63217    5.57331 0.0000e+00
  53.215145   4026.479   3665.472     2.2431     2.2445   3.240404   3.240547    34.8933    34.8935   26.51014  -74.53048     1.5460     1.4273    5.63024    5.57305 0.0000e+00
  53.215157   4027.479   3666.783     2.2426     2.2440   3.240414   3.240547    34.8933    34.8935   26.51014  -74.53048     1.5459     1.4270    5.63080    5.57264 0.0000e+00
  53.215168   4028.479   3668.035     2.2425     2.2438   3.240434   3.240564    34.8932    34.8933   26.51014  -74.53048     1.5458     1.4268    5.63095    5.57213 0.0000e+00
  53.215179   4029.479   3669.010     2.2424     2.2437   3.240459   3.240592    34.8932    34.8933   26.51014  -74.53048     1.5456     1.4268    5.63084    5.57298 0.0000e+00
  53.215191   4030.479   3669.824     2.2423     2.2437   3.240474   3.240615    34.8931    34.8933   26.51014  -74.53048     1.5456     1.4264    5.63129    5.57143 0.0000e+00
  53.215202   4031.479   3670.718     2.2424     2.2438   3.240521   3.240653    34.8932    34.8933   26.51014  -74.53048     1.5453     1.4262    5.63012    5.57084 0.0000e+00
  53.215214   4032.479   3671.765     2.2424     2.2438   3.240557   3.240696    34.8931    34.8934   26.51014  -74.53049     1.5451     1.4262    5.63023    5.57168 0.0000e+00
  53.215225   4033.479   3672.895     2.2422     2.2436   3.240575   3.240704    34.8931    34.8932   26.51016  -74.53050     1.5449     1.4260    5.62978    5.57085 0.0000e+00
  53.215237   4034.479   3674.050     2.2420     2.2434   3.240596   3.240733    34.8931    34.8933   26.51016  -74.53050     1.5446     1.4259    5.62926    5.57148 0.0000e+00
  53.215248   4035.479   3675.151     2.2418     2.2431   3.240617   3.240746    34.8931    34.8933   26.51016  -74.53050     1.5445     1.4257    5.62951    5.57081 0.0000e+00
  53.215260   4036.479   3676.117     2.2417     2.2430   3.240639   3.240777    34.8930    34.8933   26.51016  -74.53050     1.5444     1.4251    5.62964    5.56786 0.0000e+00
  53.215271   4037.479   3676.903     2.2415     2.2429   3.240649   3.240780    34.8930    34.8931   26.51016  -74.53050     1.5443     1.4254    5.62975    5.57028 0.0000e+00
  53.215282   4038.479   3677.578     2.2416     2.2430   3.240685   3.240813    34.8930    34.8931   26.51016  -74.53052     1.5438     1.4251    5.62750    5.56931 0.0000e+00
  53.215294   4039.479   3678.359     2.2417     2.2431   3.240716   3.240859    34.8930    34.8932   26.51016  -74.53052     1.5439     1.4249    5.62856    5.56836 0.0000e+00
  53.215305   4040.479   3679.375     2.2417     2.2431   3.240759   3.240896    34.8930    34.8933   26.51016  -74.53052     1.5436     1.4247    5.62743    5.56814 0.0000e+00
  53.215317   4041.479   3680.611     2.2418     2.2432   3.240827   3.240952    34.8932    34.8933   26.51016  -74.53053     1.5436     1.4249    5.62841    5.56994 0.0000e+00
  53.215328   4042.479   3681.945     2.2420     2.2434   3.240884   3.241014    34.8931    34.8932   26.51018  -74.53054     1.5437     1.4245    5.62991    5.56876 0.0000e+00
  53.215340   4043.479   3683.266     2.2421     2.2435   3.240938   3.241079    34.8931    34.8933   26.51018  -74.53054     1.5435     1.4242    5.62975    5.56752 0.0000e+00
  53.215351   4044.479   3684.501     2.2423     2.2436   3.240983   3.241131    34.8929    34.8933   26.51018  -74.53054     1.5433     1.4240    5.62976    5.56737 0.0000e+00
  53.215363   4045.479   3685.488     2.2423     2.2437   3.241022   3.241159    34.8930    34.8931   26.51018  -74.53054     1.5430     1.4239    5.62909    5.56780 0.0000e+00
  53.215378   4046.479   3686.166     2.2423     2.2438   3.241040   3.241184    34.8928    34.8931   26.51018  -74.53054     1.5430     1.4236    5.62924    5.56645 0.0000e+00
  53.215385   4047.479   3686.693     2.2424     2.2437   3.241072   3.241202    34.8929    34.8931   26.51018  -74.53054     1.5427     1.4237    5.62831    5.56732 0.0000e+00
  53.215401   4048.479   3687.413     2.2425     2.2439   3.241113   3.241240    34.8930    34.8930   26.51018  -74.53055     1.5425     1.4236    5.62754    5.56680 0.0000e+00
  53.215412   4049.479   3688.470     2.2427     2.2441   3.241164   3.241314    34.8930    34.8933   26.51018  -74.53056     1.5424     1.4236    5.62788    5.56806 0.0000e+00
  53.215424   4050.479   3689.672     2.2427     2.2442   3.241208   3.241356    34.8930    34.8932   26.51018  -74.53056     1.5422     1.4234    5.62763    5.56738 0.0000e+00
  53.215435   4051.479   3690.756     2.2428     2.2441   3.241249   3.241387    34.8929    34.8931   26.51018  -74.53056     1.5418     1.4228    5.62634    5.56448 0.0000e+00
  53.215446   4052.479   3691.654     2.2428     2.2442   3.241285   3.241417    34.8929    34.8931   26.51020  -74.53056     1.5417     1.4228    5.62638    5.56511 0.0000e+00
  53.215458   4053.479   3692.669     2.2429     2.2443   3.241334   3.241476    34.8930    34.8932   26.51020  -74.53058     1.5415     1.4228    5.62626    5.56583 0.0000e+00
  53.215469   4054.479   3693.910     2.2429     2.2443   3.241376   3.241514    34.8930    34.8932   26.51020  -74.53058     1.5412     1.4226    5.62517    5.56572 0.0000e+00
  53.215481   4055.479   3695.217     2.2429     2.2443   3.241410   3.241572    34.8928    34.8932   26.51020  -74.53058     1.5411     1.4224    5.62578    5.56533 0.0000e+00
  53.215492   4056.479   3696.375     2.2430     2.2444   3.241472   3.241605    34.8930    34.8931   26.51020  -74.53058     1.5410     1.4222    5.62579    5.56514 0.0000e+00
  53.215504   4057.479   3697.362     2.2427     2.2441   3.241472   3.241611    34.8928    34.8931   26.51020  -74.53058     1.5406     1.4221    5.62466    5.56531 0.0000e+00
  53.215515   4058.479   3698.242     2.2415     2.2430   3.241387   3.241536    34.8928    34.8930   26.51020  -74.53058     1.5405     1.4219    5.62497    5.56487 0.0000e+00
  53.215527   4059.479   3699.071     2.2412     2.2425   3.241382   3.241521    34.8927    34.8929   26.51020  -74.53059     1.5404     1.4218    5.62534    5.56462 0.0000e+00
  53.215538   4060.479   3699.875     2.2412     2.2425   3.241414   3.241551    34.8928    34.8929   26.51020  -74.53060     1.5402     1.4215    5.62450    5.56371 0.0000e+00
  53.215549   4061.479   3700.675     2.2411     2.2424   3.241437   3.241572    34.8928    34.8930   26.51020  -74.53060     1.5401     1.4212    5.62479    5.56276 0.0000e+00
  53.215561   4062.479   3701.541     2.2409     2.2424   3.241462   3.241599    34.8929    34.8930   26.51022  -74.53060     1.5400     1.4213    5.62474    5.56389 0.0000e+00
  53.215572   4063.479   3702.529     2.2409     2.2423   3.241485   3.241622    34.8928    34.8929   26.51022  -74.53060     1.5398     1.4211    5.62458    5.56328 0.0000e+00
  53.215584   4064.479   3703.620     2.2409     2.2423   3.241520   3.241652    34.8927    34.8928   26.51022  -74.53060     1.5397     1.4209    5.62492    5.56307 0.0000e+00
  53.215595   4065.479   3704.766     2.2406     2.2421   3.241543   3.241682    34.8928    34.8929   26.51022  -74.53060     1.5396     1.4211    5.62526    5.56484 0.0000e+00
  53.215607   4066.479   3705.947     2.2404     2.2419   3.241577   3.241704    34.8929    34.8929   26.51022  -74.53060     1.5392     1.4206    5.62370    5.56247 0.0000e+00
