data/raw_ctdtime/AB1705_time_004.cnv
* Sea-Bird SBE 9 Data File:
* FileName = D:\ctd\raw\ab1705_004.hex
* Software Version Seasave V 7.26.6.26
* Temperature SN = 5237
* Conductivity SN = 3860
* Number of Bytes Per Scan = 41
* Number of Voltage Words = 4
* Number of Scans Averaged by the Deck Unit = 1
* NMEA Latitude = 26 20.03 N
* NMEA Longitude = 078 42.97 W
* NMEA UTC (Time) = May 09 2017  02:11:24
* NMEA baud rate = 4800
# nquan = 12
# nvalues = 2345                        
# units = specified
# name 0 = timeJ: Julian Days
# name 1 = timeS: Time, Elapsed [seconds]
# name 2 = prDM: Pressure, Digiquartz [db]
# name 3 = t090C: Temperature [ITS-90, deg C]
# name 4 = t190C: Temperature, 2 [ITS-90, deg C]
# name 5 = c0S/m: Conductivity [S/m]
# name 6 = c1S/m: Conductivity, 2 [S/m]
# name 7 = sal00: Salinity, Practical [PSU]
# name 8 = sal11: Salinity, Practical, 2 [PSU]
# name 9 = latitude: Latitude [deg]
# name 10 = longitude: Longitude [deg]
# name 11 = flag:
# span 0 = 129.091263, 129.118378       
# span 1 =      0.479,   2344.375       
# span 2 =      2.186,    691.583       
# span 3 =    10.3609,    25.9438       
# span 4 =    10.3732,    25.9337       
# span 5 =   3.902847,   5.617440       
# span 6 =   3.904551,   5.616548       
# span 7 =    35.2936,    36.9030       
# span 8 =    35.2989,    36.8830       
# span 9 =   26.33385,   26.34004       
# span 10 =  -78.71628,  -78.71320      
# span 11 = 0.0000e+00, 0.0000e+00      
# interval = seconds: 1                 
# start_time = May 09 2017 02:11:24 [NMEA time, header]
# bad_flag = -9.990e-29
*END*
[from data line 963]
 129.102402    963.479    614.824    13.2532    13.2529   4.226494   4.226764    35.7442    35.7471   26.33640  -78.71410 0.0000e+00
 129.102417    964.479    615.863    13.2408    13.2401   4.225042   4.225319    35.7416    35.7449   26.33640  -78.71410 0.0000e+00
 129.102417    965.479    616.859    13.2267    13.2264   4.223496   4.223806    35.7397    35.7429   26.33642  -78.71410 0.0000e+00
 129.102432    966.479    617.824    13.2111    13.2111   4.221736   4.222091    35.7373    35.7406   26.33642  -78.71410 0.0000e+00
 129.102448    967.479    618.551    13.1690    13.1692   4.216828   4.217263    35.7306    35.7345   26.33642  -78.71410 0.0000e+00
 129.102463    968.479    619.181    13.1491    13.1488   4.214640   4.214981    35.7282    35.7317   26.33642  -78.71410 0.0000e+00
 129.102478    969.479    619.854    13.1256    13.1254   4.212008   4.212353    35.7250    35.7285   26.33642  -78.71410 0.0000e+00
 129.102478    970.479    620.450    13.1147    13.1136   4.210823   4.211036    35.7236    35.7266   26.33642  -78.71410 0.0000e+00
 129.102493    971.479    621.040    13.1101    13.1107   4.210344   4.210744    35.7227    35.7259   26.33642  -78.71410 0.0000e+00
 129.102509    972.479    621.598    13.0981    13.1004   4.208922   4.209547    35.7201    35.7238   26.33642  -78.71410 0.0000e+00
 129.102524    973.479    622.131    13.0874    13.0868   4.207779   4.208048    35.7189    35.7221   26.33644  -78.71410 0.0000e+00
 129.102524    974.479    622.666    13.0868    13.0856   4.207749   4.207934    35.7186    35.7215   26.33644  -78.71410 0.0000e+00
 129.102539    975.479    623.205    13.0870    13.0859   4.207811   4.207996    35.7184    35.7213   26.33644  -78.71410 0.0000e+00
 129.102554    976.479    623.766    13.0855    13.0847   4.207642   4.207868    35.7177    35.7207   26.33644  -78.71408 0.0000e+00
 129.102570    977.479    624.347    13.0822    13.0815   4.207283   4.207546    35.7170    35.7201   26.33644  -78.71408 0.0000e+00
 129.102570    978.479    624.952    13.0704    13.0695   4.205928   4.206161    35.7150    35.7180   26.33644  -78.71408 0.0000e+00
 129.102585    979.479    625.536    13.0563    13.0559   4.204346   4.204634    35.7131    35.7162   26.33644  -78.71408 0.0000e+00
 129.102600    980.479    626.066    13.0365    13.0345   4.201997   4.202159    35.7094    35.7128   26.33644  -78.71408 0.0000e+00
 129.102615    981.479    626.537    13.0087    13.0094   4.198916   4.199367    35.7062    35.7099   26.33644  -78.71408 0.0000e+00
 129.102615    982.479    627.016    13.0016    13.0018   4.198174   4.198525    35.7055    35.7086   26.33644  -78.71408 0.0000e+00
 129.102631    983.479    627.551    12.9904    12.9910   4.196977   4.197377    35.7044    35.7076   26.33646  -78.71408 0.0000e+00
 129.102646    984.479    628.143    12.9859    12.9851   4.196482   4.196740    35.7034    35.7066   26.33646  -78.71408 0.0000e+00
 129.102661    985.479    628.757    12.9855    12.9834   4.196493   4.196566    35.7033    35.7061   26.33646  -78.71408 0.0000e+00
 129.102661    986.479    629.338    12.9786    12.9800   4.195600   4.196126    35.7010    35.7047   26.33646  -78.71408 0.0000e+00
 129.102676    987.479    629.867    12.9552    12.9577   4.192988   4.193613    35.6982    35.7017   26.33646  -78.71408 0.0000e+00
 129.102692    988.479    630.376    12.9468    12.9464   4.192100   4.192357    35.6973    35.7002   26.33646  -78.71408 0.0000e+00
 129.102707    989.479    630.913    12.9392    12.9386   4.191205   4.191491    35.6956    35.6989   26.33646  -78.71408 0.0000e+00
 129.102707    990.479    631.468    12.9264    12.9254   4.189694   4.189968    35.6931    35.6967   26.33646  -78.71408 0.0000e+00
 129.102722    991.479    632.016    12.8967    12.8967   4.186356   4.186726    35.6894    35.6929   26.33646  -78.71408 0.0000e+00
 129.102737    992.479    632.584    12.8843    12.8837   4.184999   4.185263    35.6877    35.6909   26.33648  -78.71408 0.0000e+00
 129.102753    993.479    633.156    12.8699    12.8698   4.183327   4.183677    35.6851    35.6886   26.33648  -78.71408 0.0000e+00
 129.102753    994.479    633.683    12.8577    12.8571   4.182030   4.182293    35.6840    35.6870   26.33648  -78.71408 0.0000e+00
 129.102768    995.479    634.159    12.8554    12.8553   4.181781   4.182092    35.6833    35.6863   26.33648  -78.71408 0.0000e+00
 129.102783    996.479    634.671    12.8529    12.8526   4.181540   4.181810    35.6829    35.6857   26.33648  -78.71408 0.0000e+00
 129.102798    997.479    635.245    12.8494    12.8496   4.181160   4.181497    35.6821    35.6851   26.33648  -78.71408 0.0000e+00
 129.102814    998.479    635.842    12.8439    12.8405   4.180558   4.180466    35.6812    35.6835   26.33648  -78.71408 0.0000e+00
 129.102814    999.479    636.419    12.8411    12.8323   4.180252   4.179595    35.6804    35.6826   26.33648  -78.71408 0.0000e+00
 129.102829   1000.479    636.968    12.8316    12.8249   4.179184   4.178757    35.6790    35.6813   26.33648  -78.71408 0.0000e+00
 129.102844   1001.479    637.518    12.8241    12.8174   4.178349   4.177900    35.6778    35.6800   26.33650  -78.71408 0.0000e+00
 129.102859   1002.479    638.063    12.8068    12.8028   4.176384   4.176285    35.6753    35.6781   26.33650  -78.71408 0.0000e+00
 129.102859   1003.479    638.581    12.7904    12.7906   4.174538   4.174906    35.6730    35.6763   26.33650  -78.71408 0.0000e+00
 129.102875   1004.479    639.087    12.7783    12.7785   4.173213   4.173561    35.6715    35.6746   26.33650  -78.71408 0.0000e+00
 129.102890   1005.479    639.602    12.7634    12.7633   4.171501   4.171847    35.6691    35.6725   26.33650  -78.71408 0.0000e+00
 129.102905   1006.479    640.152    12.7553    12.7547   4.170624   4.170889    35.6680    35.6711   26.33650  -78.71408 0.0000e+00
 129.102905   1007.479    640.731    12.7420    12.7424   4.169126   4.169503    35.6659    35.6692   26.33650  -78.71408 0.0000e+00
 129.102921   1008.479    641.310    12.6959    12.6990   4.163672   4.164514    35.6578    35.6628   26.33650  -78.71408 0.0000e+00
 129.102936   1009.479    641.860    12.6274    12.6298   4.155982   4.156699    35.6496    35.6542   26.33652  -78.71408 0.0000e+00
 129.102951   1010.479    642.360    12.6035    12.6033   4.153444   4.153764    35.6476    35.6508   26.33652  -78.71408 0.0000e+00
 129.102951   1011.479    642.844    12.5529    12.5567   4.147287   4.148290    35.6367    35.6427   26.33652  -78.71408 0.0000e+00
 129.102966   1012.479    643.384    12.4533    12.4583   4.136214   4.137301    35.6256    35.6313   26.33652  -78.71408 0.0000e+00
 129.102982   1013.479    643.984    12.3714    12.3734   4.127062   4.127705    35.6156    35.6199   26.33652  -78.71407 0.0000e+00
 129.102997   1014.479    644.595    12.3463    12.3475   4.124375   4.124883    35.6126    35.6164   26.33652  -78.71406 0.0000e+00
 129.102997   1015.479    645.170    12.3320    12.3362   4.122748   4.123641    35.6095    35.6140   26.33652  -78.71406 0.0000e+00
 129.103012   1016.479    645.679    12.3054    12.3110   4.119701   4.120732    35.6048    35.6093   26.33652  -78.71406 0.0000e+00
 129.103027   1017.479    646.139    12.2608    12.2668   4.114707   4.115800    35.5986    35.6035   26.33652  -78.71406 0.0000e+00
 129.103043   1018.479    646.624    12.1863    12.1905   4.106129   4.107162    35.5869    35.5928   26.33652  -78.71406 0.0000e+00
 129.103043   1019.479    647.173    12.1219    12.1232   4.099199   4.099746    35.5809    35.5850   26.33654  -78.71406 0.0000e+00
 129.103058   1020.479    647.754    12.0971    12.0982   4.096469   4.096978    35.5771    35.5810   26.33654  -78.71406 0.0000e+00
 129.103073   1021.479    648.327    12.0723    12.0738   4.093716   4.094267    35.5732    35.5772   26.33654  -78.71406 0.0000e+00
 129.103088   1022.479    648.886    12.0486    12.0484   4.091115   4.091476    35.5697    35.5734   26.33654  -78.71406 0.0000e+00
 129.103088   1023.479    649.440    12.0360    12.0345   4.089812   4.089986    35.5681    35.5712   26.33654  -78.71406 0.0000e+00
 129.103104   1024.479    649.995    12.0297    12.0282   4.089171   4.089334    35.5668    35.5700   26.33654  -78.71406 0.0000e+00
 129.103119   1025.479    650.545    12.0237    12.0248   4.088532   4.088984    35.5654    35.5688   26.33656  -78.71406 0.0000e+00
 129.103134   1026.479    651.056    12.0164    12.0163   4.087742   4.088094    35.5639    35.5675   26.33656  -78.71406 0.0000e+00
 129.103149   1027.479    651.537    12.0085    12.0102   4.086924   4.087449    35.5629    35.5663   26.33656  -78.71406 0.0000e+00
 129.103149   1028.479    652.050    12.0030    12.0039   4.086350   4.086781    35.5618    35.5652   26.33656  -78.71406 0.0000e+00
 129.103165   1029.479    652.615    12.0016    12.0014   4.086243   4.086536    35.5614    35.5645   26.33656  -78.71406 0.0000e+00
 129.103180   1030.479    653.200    11.9982    11.9981   4.085896   4.086205    35.5606    35.5638   26.33656  -78.71406 0.0000e+00
 129.103195   1031.479    653.769    11.9959    11.9955   4.085686   4.085951    35.5602    35.5632   26.33656  -78.71406 0.0000e+00
 129.103195   1032.479    654.300    11.9932    11.9912   4.085404   4.085506    35.5595    35.5624   26.33656  -78.71406 0.0000e+00
 129.103210   1033.479    654.823    11.9879    11.9881   4.084856   4.085198    35.5588    35.5619   26.33658  -78.71406 0.0000e+00
 129.103226   1034.479    655.358    11.9864    11.9869   4.084736   4.085106    35.5585    35.5617   26.33658  -78.71406 0.0000e+00
 129.103241   1035.479    655.903    11.9857    11.9869   4.084661   4.085110    35.5580    35.5612   26.33658  -78.71406 0.0000e+00
 129.103241   1036.479    656.444    11.9820    11.9815   4.084267   4.084538    35.5573    35.5604   26.33658  -78.71406 0.0000e+00
 129.103256   1037.479    656.991    11.9806    11.9802   4.084167   4.084429    35.5572    35.5602   26.33658  -78.71406 0.0000e+00
 129.103271   1038.479    657.549    11.9806    11.9812   4.084129   4.084556    35.5565    35.5600   26.33658  -78.71406 0.0000e+00
 129.103287   1039.479    658.080    11.9539    11.9552   4.081135   4.081636    35.5529    35.5565   26.33660  -78.71406 0.0000e+00
 129.103287   1040.479    658.576    11.9304    11.9353   4.078474   4.079412    35.5494    35.5538   26.33660  -78.71406 0.0000e+00
 129.103302   1041.479    659.074    11.9039    11.8997   4.075606   4.075500    35.5468    35.5499   26.33660  -78.71406 0.0000e+00
 129.103317   1042.479    659.596    11.8860    11.8858   4.073596   4.073929    35.5441    35.5476   26.33660  -78.71406 0.0000e+00
 129.103333   1043.479    660.149    11.8750    11.8745   4.072438   4.072694    35.5429    35.5459   26.33660  -78.71406 0.0000e+00
 129.103333   1044.479    660.726    11.8692    11.8684   4.071826   4.072060    35.5420    35.5451   26.33660  -78.71406 0.0000e+00
 129.103348   1045.479    661.295    11.8666    11.8655   4.071551   4.071743    35.5413    35.5442   26.33660  -78.71406 0.0000e+00
 129.103363   1046.479    661.837    11.8562    11.8589   4.070404   4.071046    35.5397    35.5434   26.33660  -78.71406 0.0000e+00
 129.103378   1047.479    662.358    11.8582    11.8515   4.070690   4.070224    35.5401    35.5421   26.33662  -78.71406 0.0000e+00
 129.103378   1048.479    662.879    11.8503    11.8478   4.069690   4.069817    35.5376    35.5412   26.33662  -78.71406 0.0000e+00
 129.103394   1049.479    663.378    11.7906    11.7956   4.063009   4.063949    35.5301    35.5345   26.33662  -78.71406 0.0000e+00
 129.103409   1050.479    663.872    11.7620    11.7628   4.059682   4.060260    35.5249    35.5299   26.33664  -78.71406 0.0000e+00
 129.103424   1051.479    664.379    11.6145    11.6131   4.042700   4.043305    35.5022    35.5095   26.33664  -78.71406 0.0000e+00
 129.103424   1052.479    664.916    11.4530    11.4526   4.025028   4.025550    35.4853    35.4907   26.33664  -78.71406 0.0000e+00
 129.103439   1053.479    665.494    11.3391    11.3521   4.012095   4.014154    35.4678    35.4753   26.33664  -78.71406 0.0000e+00
 129.103455   1054.479    666.091    11.2680    11.2699   4.004412   4.005069    35.4597    35.4643   26.33664  -78.71406 0.0000e+00
 129.103470   1055.479    666.649    11.2427    11.2450   4.001588   4.002223    35.4548    35.4588   26.33664  -78.71406 0.0000e+00
 129.103485   1056.479    667.118    11.2239    11.2311   3.999484   4.000661    35.4507    35.4554   26.33664  -78.71406 0.0000e+00
 129.103485   1057.479    667.542    11.2017    11.2088   3.996927   3.998166    35.4456    35.4510   26.33664  -78.71406 0.0000e+00
 129.103500   1058.479    668.019    11.1935    11.2046   3.996010   3.997734    35.4432    35.4495   26.33664  -78.71406 0.0000e+00
 129.103516   1059.479    668.589    11.1587    11.1491   3.991917   3.991168    35.4355    35.4377   26.33666  -78.71406 0.0000e+00
 129.103531   1060.479    669.211    11.0222    11.0357   3.976412   3.978532    35.4145    35.4223   26.33666  -78.71404 0.0000e+00
 129.103531   1061.479    669.811    10.9937    10.9969   3.973469   3.974184    35.4115    35.4156   26.33666  -78.71404 0.0000e+00
 129.103546   1062.479    670.341    10.9571    10.9295   3.969080   3.966539    35.4023    35.4043   26.33666  -78.71404 0.0000e+00
 129.103561   1063.479    670.803    10.8848    10.8862   3.961266   3.961764    35.3941    35.3977   26.33666  -78.71404 0.0000e+00
 129.103577   1064.479    671.248    10.8294    10.8523   3.954643   3.957816    35.3812    35.3903   26.33666  -78.71404 0.0000e+00
 129.103577   1065.479    671.735    10.7673    10.7710   3.947996   3.948733    35.3744    35.3782   26.33666  -78.71404 0.0000e+00
 129.103592   1066.479    672.294    10.7611    10.7608   3.947342   3.947674    35.3722    35.3759   26.33666  -78.71404 0.0000e+00
 129.103607   1067.479    672.875    10.7613    10.7572   3.947451   3.947329    35.3716    35.3745   26.33666  -78.71404 0.0000e+00
 129.103622   1068.479    673.434    10.7608    10.7597   3.947457   3.947659    35.3708    35.3740   26.33666  -78.71404 0.0000e+00
 129.103622   1069.479    673.978    10.7616    10.7592   3.947581   3.947635    35.3701    35.3731   26.33666  -78.71404 0.0000e+00
 129.103638   1070.479    674.512    10.7573    10.7570   3.947128   3.947428    35.3688    35.3721   26.33666  -78.71404 0.0000e+00
 129.103653   1071.479    675.048    10.7505    10.7536   3.946432   3.947120    35.3675    35.3714   26.33666  -78.71404 0.0000e+00
 129.103668   1072.479    675.565    10.7499    10.7529   3.946428   3.947048    35.3673    35.3705   26.33666  -78.71404 0.0000e+00
 129.103668   1073.479    676.048    10.7496    10.7438   3.946433   3.946055    35.3668    35.3688   26.33666  -78.71404 0.0000e+00
 129.103683   1074.479    676.538    10.7416    10.7394   3.945518   3.945610    35.3648    35.3680   26.33666  -78.71404 0.0000e+00
 129.103699   1075.479    677.071    10.7324    10.7304   3.944479   3.944577    35.3629    35.3659   26.33666  -78.71404 0.0000e+00
 129.103714   1076.479    677.658    10.7060    10.7095   3.941355   3.942270    35.3570    35.3627   26.33666  -78.71402 0.0000e+00
 129.103714   1077.479    678.245    10.6414    10.6545   3.934100   3.935815    35.3473    35.3517   26.33668  -78.71402 0.0000e+00
 129.103729   1078.479    678.763    10.6325    10.6317   3.932978   3.933395    35.3441    35.3490   26.33668  -78.71402 0.0000e+00
 129.103745   1079.479    679.227    10.6042    10.6033   3.929985   3.930220    35.3411    35.3445   26.33670  -78.71402 0.0000e+00
 129.103760   1080.479    679.721    10.6022    10.5997   3.929805   3.929804    35.3405    35.3430   26.33670  -78.71402 0.0000e+00
 129.103760   1081.479    680.276    10.5881    10.5894   3.928111   3.928627    35.3367    35.3407   26.33670  -78.71402 0.0000e+00
