data/raw_ctdtime/AB1705_time_004.cnv
* Sea-Bird SBE 9 Data File:
* FileName = D:\ctd\raw\ab1705_004.hex
* Software Version Seasave V 7.26.6.26
* Temperature SN = 5237
* Conductivity SN = 3860
* Number of Bytes Per Scan = 41
* Number of Voltage Words = 4
* Number of Scans Averaged by the Deck Unit = 1
* NMEA Latitude = 26 20.03 N
* NMEA Longitude = 078 42.97 W
* NMEA UTC (Time) = May 09 2017  02:11:24
* NMEA baud rate = 4800
# nquan = 12
# nvalues = 2345                        
# units = specified
# name 0 = timeJ: Julian Days
# name 1 = timeS: Time, Elapsed [seconds]
# name 2 = prDM: Pressure, Digiquartz [db]
# name 3 = t090C: Temperature [ITS-90, deg C]
# name 4 = t190C: Temperature, 2 [ITS-90, deg C]
# name 5 = c0S/m: Conductivity [S/m]
# name 6 = c1S/m: Conductivity, 2 [S/m]
# name 7 = sal00: Salinity, Practical [PSU]
# name 8 = sal11: Salinity, Practical, 2 [PSU]
# name 9 = latitude: Latitude [deg]
# name 10 = longitude: Longitude [deg]
# name 11 = flag:
# span 0 = 129.091263, 129.118378       
# span 1 =      0.479,   2344.375       
# span 2 =      2.186,    691.583       
# span 3 =    10.3609,    25.9438       
# span 4 =    10.3732,    25.9337       
# span 5 =   3.902847,   5.617440       
# span 6 =   3.904551,   5.616548       
# span 7 =    35.2936,    36.9030       
# span 8 =    35.2989,    36.8830       
# span 9 =   26.33385,   26.34004       
# span 10 =  -78.71628,  -78.71320      
# span 11 = 0.0000e+00, 0.0000e+00      
# interval = seconds: 1                 
# start_time = May 09 2017 02:11:24 [NMEA time, header]
# bad_flag = -9.990e-29
*END*
[from data line 121]
 129.092651    121.479     12.038    24.6295    24.6529   5.495729   5.497704    36.7015    36.6970   26.33426  -78.71576 0.0000e+00
 129.092667    122.479     12.028    24.6270    24.6477   5.495540   5.497437    36.7021    36.6994   26.33426  -78.71576 0.0000e+00
 129.092682    123.479     12.016    24.6247    24.6482   5.495312   5.497560    36.7023    36.6998   26.33426  -78.71576 0.0000e+00
 129.092697    124.479     12.020    24.6199    24.6507   5.494931   5.497628    36.7034    36.6983   26.33428  -78.71575 0.0000e+00
 129.092697    125.479     12.035    24.6149    24.6339   5.494537   5.496318    36.7046    36.7024   26.33428  -78.71574 0.0000e+00
 129.092712    126.479     12.041    24.6124    24.6442   5.494323   5.497032    36.7050    36.6992   26.33428  -78.71574 0.0000e+00
 129.092728    127.479     12.037    24.6104    24.6378   5.494168   5.496646    36.7054    36.7016   26.33428  -78.71574 0.0000e+00
 129.092743    128.479     12.035    24.6091    24.6273   5.494011   5.495832    36.7053    36.7042   26.33428  -78.71574 0.0000e+00
 129.092743    129.479     12.039    24.6082    24.6379   5.493914   5.496566    36.7053    36.7008   26.33428  -78.71572 0.0000e+00
 129.092758    130.479     12.044    24.6068    24.6202   5.493797   5.495157    36.7055    36.7050   26.33428  -78.71572 0.0000e+00
 129.092773    131.479     12.034    24.6076    24.6471   5.493886   5.497345    36.7055    36.6989   26.33428  -78.71572 0.0000e+00
 129.092789    132.479     12.012    24.6069    24.6434   5.493804   5.497159    36.7055    36.7006   26.33430  -78.71572 0.0000e+00
 129.092789    133.479     12.001    24.6083    24.6323   5.494013   5.496153    36.7058    36.7023   26.33430  -78.71572 0.0000e+00
 129.092804    134.479     12.006    24.6088    24.6308   5.494043   5.495995    36.7055    36.7024   26.33430  -78.71572 0.0000e+00
 129.092819    135.479     12.031    24.6092    24.6146   5.494075   5.494721    36.7055    36.7063   26.33430  -78.71572 0.0000e+00
 129.092834    136.479     12.056    24.6081    24.6233   5.493973   5.495482    36.7056    36.7047   26.33430  -78.71571 0.0000e+00
 129.092834    137.479     12.054    24.6084    24.6243   5.493999   5.495548    36.7055    36.7043   26.33430  -78.71570 0.0000e+00
 129.092850    138.479     12.030    24.6093    24.6263   5.494089   5.495605    36.7054    36.7030   26.33430  -78.71570 0.0000e+00
 129.092865    139.479     12.019    24.6100    24.6236   5.494113   5.495411    36.7050    36.7039   26.33430  -78.71570 0.0000e+00
 129.092880    140.479     12.037    24.6105    24.6119   5.494164   5.494475    36.7050    36.7066   26.33432  -78.71570 0.0000e+00
 129.092880    141.479     12.053    24.6100    24.6152   5.494145   5.494777    36.7052    36.7060   26.33432  -78.71570 0.0000e+00
 129.092896    142.479     12.038    24.6090    24.6173   5.494068   5.494945    36.7055    36.7055   26.33432  -78.71570 0.0000e+00
 129.092911    143.479     12.016    24.6096    24.6204   5.494105   5.495202    36.7052    36.7048   26.33432  -78.71568 0.0000e+00
 129.092926    144.479     12.012    24.6089    24.6192   5.494052   5.495074    36.7054    36.7048   26.33432  -78.71568 0.0000e+00
 129.092926    145.479     12.021    24.6094    24.6154   5.494073   5.494777    36.7052    36.7057   26.33432  -78.71568 0.0000e+00
 129.092941    146.479     12.031    24.6086    24.6150   5.494009   5.494789    36.7054    36.7061   26.33434  -78.71568 0.0000e+00
 129.092957    147.479     12.033    24.6071    24.6141   5.493894   5.494660    36.7057    36.7059   26.33434  -78.71568 0.0000e+00
 129.092972    148.479     12.031    24.6066    24.6146   5.493839   5.494757    36.7057    36.7062   26.33434  -78.71566 0.0000e+00
 129.092987    149.479     12.037    24.6058    24.6134   5.493782   5.494605    36.7060    36.7060   26.33434  -78.71566 0.0000e+00
 129.092987    150.479     12.045    24.6055    24.6116   5.493755   5.494470    36.7060    36.7065   26.33434  -78.71566 0.0000e+00
 129.093002    151.479     12.039    24.6054    24.6117   5.493744   5.494497    36.7060    36.7066   26.33434  -78.71566 0.0000e+00
 129.093018    152.479     12.027    24.6039    24.6117   5.493580   5.494489    36.7060    36.7065   26.33436  -78.71566 0.0000e+00
 129.093033    153.479     12.031    24.6026    24.6136   5.493446   5.494601    36.7061    36.7058   26.33436  -78.71565 0.0000e+00
 129.093033    154.479     12.037    24.6020    24.6066   5.493388   5.494027    36.7061    36.7073   26.33436  -78.71564 0.0000e+00
 129.093048    155.479     11.993    24.6027    24.6117   5.493453   5.494447    36.7061    36.7061   26.33436  -78.71564 0.0000e+00
 129.093063    156.479     11.868    24.6044    24.6106   5.493657   5.494389    36.7062    36.7067   26.33436  -78.71564 0.0000e+00
 129.093079    157.479     11.719    24.6073    24.6113   5.493926   5.494459    36.7059    36.7067   26.33438  -78.71564 0.0000e+00
 129.093079    158.479     11.567    24.6118    24.6126   5.494256   5.494542    36.7046    36.7062   26.33438  -78.71564 0.0000e+00
 129.093094    159.479     11.434    24.6153    24.6141   5.494519   5.494658    36.7037    36.7059   26.33438  -78.71562 0.0000e+00
 129.093109    160.479     11.307    24.6198    24.6143   5.494856   5.494701    36.7025    36.7061   26.33438  -78.71562 0.0000e+00
 129.093124    161.479     11.160    24.6266    24.6178   5.495426   5.494961    36.7012    36.7052   26.33438  -78.71562 0.0000e+00
 129.093124    162.479     10.995    24.6405    24.6200   5.496465   5.495064    36.6974    36.7041   26.33438  -78.71562 0.0000e+00
 129.093140    163.479     10.821    24.6538    24.6246   5.497391   5.495404    36.6934    36.7029   26.33438  -78.71562 0.0000e+00
 129.093155    164.479     10.653    24.6710    24.6321   5.498918   5.495898    36.6906    36.7005   26.33440  -78.71562 0.0000e+00
 129.093170    165.479     10.442    24.6745    24.6452   5.499373   5.496878    36.6914    36.6969   26.33440  -78.71562 0.0000e+00
 129.093170    166.479     10.211    24.6859    24.6455   5.500461   5.497057    36.6901    36.6982   26.33440  -78.71561 0.0000e+00
 129.093185    167.479      9.989    24.7177    24.6596   5.503168   5.498139    36.6841    36.6946   26.33440  -78.71560 0.0000e+00
 129.093201    168.479      9.780    24.7391    24.6685   5.505373   5.499110    36.6829    36.6946   26.33440  -78.71560 0.0000e+00
 129.093216    169.479      9.560    24.7730    24.6744   5.508597   5.499479    36.6791    36.6927   26.33440  -78.71560 0.0000e+00
 129.093216    170.479      9.338    24.8117    24.6714   5.512323   5.499540    36.6751    36.6958   26.33442  -78.71560 0.0000e+00
 129.093231    171.479      9.132    24.8474    24.6905   5.516122   5.501088    36.6742    36.6916   26.33442  -78.71560 0.0000e+00
 129.093246    172.479      8.919    24.8899    24.6673   5.520227   5.499095    36.6699    36.6963   26.33442  -78.71560 0.0000e+00
 129.093262    173.479      8.690    24.9258    24.6880   5.523872   5.500739    36.6678    36.6914   26.33442  -78.71560 0.0000e+00
 129.093262    174.479      8.448    24.9290    24.7280   5.524157   5.504141    36.6679    36.6836   26.33442  -78.71560 0.0000e+00
 129.093277    175.479      8.214    24.9448    24.7702   5.525827   5.508365    36.6677    36.6803   26.33442  -78.71560 0.0000e+00
 129.093292    176.479      7.994    24.9664    24.8162   5.527946   5.512623    36.6661    36.6740   26.33442  -78.71558 0.0000e+00
 129.093307    177.479      7.779    24.9910    24.8360   5.530856   5.514905    36.6679    36.6752   26.33442  -78.71558 0.0000e+00
 129.093323    178.479      7.549    25.0060    24.8616   5.532362   5.517616    36.6671    36.6745   26.33444  -78.71558 0.0000e+00
 129.093323    179.479      7.322    25.0107    24.9150   5.532836   5.523157    36.6673    36.6719   26.33444  -78.71558 0.0000e+00
 129.093338    180.479      7.112    25.0139    24.9314   5.533247   5.525122    36.6681    36.6734   26.33444  -78.71558 0.0000e+00
 129.093353    181.479      6.899    25.0207    24.9361   5.533939   5.524977    36.6680    36.6691   26.33444  -78.71558 0.0000e+00
 129.093369    182.479      6.675    25.0241    24.8871   5.534353   5.521072    36.6688    36.6813   26.33444  -78.71556 0.0000e+00
 129.093369    183.479      6.458    25.0348    24.8836   5.535509   5.520060    36.6688    36.6769   26.33446  -78.71556 0.0000e+00
 129.093384    184.479      6.259    25.0594    24.8825   5.537912   5.520072    36.6665    36.6782   26.33446  -78.71556 0.0000e+00
 129.093399    185.479      6.049    25.0620    24.9169   5.538136   5.523731    36.6665    36.6771   26.33446  -78.71556 0.0000e+00
 129.093414    186.479      5.809    25.0616    24.9708   5.537842   5.528508    36.6650    36.6680   26.33446  -78.71556 0.0000e+00
 129.093414    187.479      5.552    25.0770    25.0162   5.539406   5.533826    36.6641    36.6704   26.33446  -78.71556 0.0000e+00
 129.093430    188.479      5.308    25.1312    25.0665   5.543805   5.538188    36.6521    36.6615   26.33446  -78.71556 0.0000e+00
 129.093445    189.479      5.103    25.2149    25.0903   5.550581   5.540539    36.6334    36.6599   26.33446  -78.71556 0.0000e+00
 129.093460    190.479      4.919    25.2348    25.0749   5.552233   5.538217    36.6298    36.6560   26.33448  -78.71555 0.0000e+00
 129.093460    191.479      4.730    25.2510    25.1045   5.553486   5.540643    36.6263    36.6499   26.33448  -78.71554 0.0000e+00
 129.093475    192.479      4.505    25.2498    25.0577   5.553337   5.536448    36.6267    36.6583   26.33448  -78.71554 0.0000e+00
 129.093491    193.479      4.246    25.2564    24.9012   5.553795   5.522404    36.6253    36.6841   26.33448  -78.71554 0.0000e+00
 129.093506    194.479      3.992    25.2797    25.1009   5.555666   5.540550    36.6202    36.6528   26.33448  -78.71554 0.0000e+00
 129.093506    195.479      3.780    25.3089    25.1724   5.558046   5.546014    36.6142    36.6346   26.33448  -78.71554 0.0000e+00
 129.093521    196.479      3.599    25.3191    25.0689   5.558662   5.537833    36.6109    36.6604   26.33448  -78.71554 0.0000e+00
 129.093536    197.479      3.400    25.3148    25.1026   5.558129   5.539701    36.6109    36.6464   26.33450  -78.71554 0.0000e+00
 129.093552    198.479      3.146    25.3032    25.0677   5.557076   5.536758    36.6132    36.6539   26.33450  -78.71554 0.0000e+00
 129.093552    199.479      2.877    25.2303    25.1771   5.550475   5.546306    36.6252    36.6340   26.33450  -78.71552 0.0000e+00
 129.093567    200.479      2.669    25.3564    25.1522   5.562069   5.544545    36.6062    36.6424   26.33450  -78.71552 0.0000e+00
 129.093582    201.479      2.478    25.4792    25.1939   5.571471   5.548880    36.5751    36.6400   26.33450  -78.71552 0.0000e+00
 129.093597    202.479      2.276    25.5447    25.2313   5.578208   5.551322    36.5714    36.6278   26.33450  -78.71552 0.0000e+00
 129.093597    203.479      2.192    25.8044    25.3379   5.604304   5.560710    36.5505    36.6093   26.33450  -78.71552 0.0000e+00
 129.093613    204.479      2.194    25.8862    25.6433   5.611847   5.589131    36.5404    36.5676   26.33452  -78.71552 0.0000e+00
 129.093628    205.479      2.211    25.8934    25.6914   5.612638   5.594053    36.5418    36.5662   26.33452  -78.71550 0.0000e+00
 129.093643    206.479      2.237    25.8919    25.6433   5.612348   5.589435    36.5422    36.5731   26.33452  -78.71550 0.0000e+00
 129.093658    207.479      2.217    25.8764    25.5776   5.611004   5.582168    36.5461    36.5746   26.33452  -78.71550 0.0000e+00
 129.093658    208.479      2.194    25.8863    25.6754   5.611786   5.592155    36.5446    36.5686   26.33452  -78.71550 0.0000e+00
 129.093674    209.479      2.194    25.8897    25.6312   5.612088   5.589059    36.5449    36.5828   26.33452  -78.71550 0.0000e+00
 129.093689    210.479      2.210    25.8719    25.7845   5.610421   5.601621    36.5480    36.5499   26.33454  -78.71550 0.0000e+00
 129.093704    211.479      2.211    25.8564    25.7943   5.608897   5.603267    36.5501    36.5550   26.33454  -78.71550 0.0000e+00
 129.093704    212.479      2.200    25.8850    25.7971   5.611623   5.603409    36.5470    36.5547   26.33454  -78.71549 0.0000e+00
 129.093719    213.479      2.212    25.9050    25.8213   5.613538   5.605565    36.5451    36.5514   26.33454  -78.71548 0.0000e+00
 129.093735    214.479      2.238    25.9073    25.8437   5.613750   5.607706    36.5453    36.5495   26.33454  -78.71548 0.0000e+00
 129.093750    215.479      2.226    25.9098    25.7921   5.613975   5.603039    36.5453    36.5584   26.33454  -78.71548 0.0000e+00
 129.093750    216.479      2.186    25.9115    25.7834   5.614116   5.602354    36.5453    36.5609   26.33454  -78.71548 0.0000e+00
 129.093765    217.479      2.189    25.9168    25.8154   5.614654   5.605650    36.5452    36.5591   26.33454  -78.71548 0.0000e+00
 129.093781    218.479      2.232    25.9157    25.8917   5.614539   5.612523    36.5456    36.5474   26.33456  -78.71548 0.0000e+00
 129.093796    219.479      2.244    25.9139    25.8953   5.614385   5.612718    36.5462    36.5466   26.33456  -78.71546 0.0000e+00
 129.093796    220.479      2.219    25.9084    25.8440   5.613881   5.607769    36.5472    36.5528   26.33456  -78.71546 0.0000e+00
 129.093811    221.479      2.204    25.9072    25.8429   5.613727   5.608225    36.5473    36.5573   26.33456  -78.71546 0.0000e+00
 129.093826    222.479      2.212    25.8904    25.8980   5.612178   5.613062    36.5498    36.5478   26.33456  -78.71546 0.0000e+00
 129.093842    223.479      2.204    25.8971    25.8931   5.612734   5.612494    36.5484    36.5481   26.33456  -78.71546 0.0000e+00
 129.093842    224.479      2.189    25.9033    25.8874   5.613392   5.612209    36.5483    36.5510   26.33456  -78.71546 0.0000e+00
 129.093857    225.479      2.197    25.9142    25.8903   5.614419   5.612409    36.5469    36.5503   26.33458  -78.71546 0.0000e+00
 129.093872    226.479      2.217    25.9232    25.8967   5.615248   5.612981    36.5458    36.5496   26.33458  -78.71546 0.0000e+00
 129.093887    227.479      2.229    25.9226    25.9078   5.615278   5.614014    36.5466    36.5482   26.33458  -78.71545 0.0000e+00
 129.093887    228.479      2.246    25.9256    25.9184   5.615541   5.615016    36.5461    36.5471   26.33458  -78.71544 0.0000e+00
 129.093903    229.479      2.229    25.9276    25.9141   5.615776   5.614670    36.5464    36.5483   26.33458  -78.71544 0.0000e+00
 129.093918    230.479      2.205    25.9297    25.9157   5.615949   5.614776    36.5459    36.5480   26.33458  -78.71544 0.0000e+00
 129.093933    231.479      2.223    25.9373    25.9215   5.616747   5.615396    36.5456    36.5479   26.33460  -78.71544 0.0000e+00
 129.093933    232.479      2.267    25.9438    25.9323   5.617440   5.616479    36.5455    36.5471   26.33460  -78.71544 0.0000e+00
 129.093948    233.479      2.419    25.9274    25.9337   5.615814   5.616548    36.5471    36.5466   26.33460  -78.71544 0.0000e+00
 129.093964    234.479      2.693    25.8559    25.8757   5.608479   5.610631    36.5520    36.5509   26.33460  -78.71544 0.0000e+00
 129.093979    235.479      3.083    25.6568    25.6555   5.588015   5.588297    36.5650    36.5679   26.33460  -78.71544 0.0000e+00
 129.093994    236.479      3.534    25.4080    25.4111   5.565908   5.566572    36.6061    36.6081   26.33460  -78.71544 0.0000e+00
 129.093994    237.479      3.984    25.3438    25.3456   5.560498   5.560927    36.6176    36.6190   26.33460  -78.71542 0.0000e+00
 129.094009    238.479      4.419    25.3218    25.3230   5.558599   5.558978    36.6202    36.6218   26.33462  -78.71542 0.0000e+00
 129.094025    239.479      4.899    25.2889    25.2882   5.555974   5.556227    36.6267    36.6289   26.33462  -78.71542 0.0000e+00
