data/raw_ctdtime/AB1705_time_004.cnv
* Sea-Bird SBE 9 Data File:
* FileName = D:\ctd\raw\ab1705_004.hex
* Software Version Seasave V 7.26.6.26
* Temperature SN = 5237
* Conductivity SN = 3860
* Number of Bytes Per Scan = 41
* Number of Voltage Words = 4
* Number of Scans Averaged by the Deck Unit = 1
* NMEA Latitude = 26 20.03 N
* NMEA Longitude = 078 42.97 W
* NMEA UTC (Time) = May 09 2017  02:11:24
* NMEA baud rate = 4800
# nquan = 12
# nvalues = 2345                        
# units = specified
# name 0 = timeJ: Julian Days
# name 1 = timeS: Time, Elapsed [seconds]
# name 2 = prDM: Pressure, Digiquartz [db]
# name 3 = t090C: Temperature [ITS-90, deg C]
# name 4 = t190C: Temperature, 2 [ITS-90, deg C]
# name 5 = c0S/m: Conductivity [S/m]
# name 6 = c1S/m: Conductivity, 2 [S/m]
# name 7 = sal00: Salinity, Practical [PSU]
# name 8 = sal11: Salinity, Practical, 2 [PSU]
# name 9 = latitude: Latitude [deg]
# name 10 = longitude: Longitude [deg]
# name 11 = flag:
# span 0 = 129.091263, 129.118378       
# span 1 =      0.479,   2344.375       
# span 2 =      2.186,    691.583       
# span 3 =    10.3609,    25.9438       
# span 4 =    10.3732,    25.9337       
# span 5 =   3.902847,   5.617440       
# span 6 =   3.904551,   5.616548       
# span 7 =    35.2936,    36.9030       
# span 8 =    35.2989,    36.8830       
# span 9 =   26.33385,   26.34004       
# span 10 =  -78.71628,  -78.71320      
# span 11 = 0.0000e+00, 0.0000e+00      
# interval = seconds: 1                 
# start_time = May 09 2017 02:11:24 [NMEA time, header]
# bad_flag = -9.990e-29
*END*
[from data line 1805]
 129.112152   1805.479    250.252    19.9756    19.9766   4.998532   4.998525    36.6251    36.6241   26.33848  -78.71360 0.0000e+00
 129.112152   1806.479    249.261    20.0073    19.9932   5.002009   5.000516    36.6264    36.6266   26.33850  -78.71360 0.0000e+00
 129.112167   1807.479    248.291    20.0344    20.0319   5.005175   5.005100    36.6292    36.6307   26.33850  -78.71360 0.0000e+00
 129.112183   1808.479    247.311    20.0544    20.0509   5.007320   5.007227    36.6299    36.6322   26.33850  -78.71360 0.0000e+00
 129.112198   1809.479    246.289    20.1012    20.0781   5.012804   5.010388    36.6343    36.6348   26.33850  -78.71360 0.0000e+00
 129.112198   1810.479    245.243    20.1665    20.1458   5.020689   5.018053    36.6417    36.6385   26.33850  -78.71360 0.0000e+00
 129.112213   1811.479    244.215    20.2312    20.2457   5.028015   5.029555    36.6454    36.6448   26.33850  -78.71360 0.0000e+00
 129.112228   1812.479    243.215    20.3003    20.3153   5.035920   5.037508    36.6499    36.6495   26.33850  -78.71360 0.0000e+00
 129.112244   1813.479    242.228    20.3496    20.3557   5.041665   5.042287    36.6544    36.6540   26.33850  -78.71360 0.0000e+00
 129.112244   1814.479    241.233    20.3831    20.3753   5.045213   5.044229    36.6549    36.6538   26.33852  -78.71360 0.0000e+00
 129.112259   1815.479    240.233    20.4248    20.4268   5.049782   5.050093    36.6565    36.6572   26.33852  -78.71360 0.0000e+00
 129.112274   1816.479    239.220    20.4382    20.4382   5.051173   5.051294    36.6573    36.6582   26.33852  -78.71360 0.0000e+00
 129.112289   1817.479    238.201    20.4430    20.4495   5.051699   5.052626    36.6586    36.6603   26.33852  -78.71360 0.0000e+00
 129.112305   1818.479    237.209    20.4597    20.4614   5.053645   5.053789    36.6608    36.6604   26.33852  -78.71360 0.0000e+00
 129.112305   1819.479    236.217    20.4747    20.4719   5.055454   5.055086    36.6633    36.6627   26.33852  -78.71360 0.0000e+00
 129.112320   1820.479    235.222    20.4932    20.4896   5.057578   5.057230    36.6652    36.6655   26.33852  -78.71360 0.0000e+00
 129.112335   1821.479    234.232    20.5255    20.5092   5.061467   5.059551    36.6691    36.6680   26.33852  -78.71360 0.0000e+00
 129.112350   1822.479    233.212    20.5898    20.5812   5.068554   5.067868    36.6709    36.6728   26.33854  -78.71360 0.0000e+00
 129.112350   1823.479    232.156    20.6567    20.6162   5.076284   5.072331    36.6755    36.6793   26.33854  -78.71360 0.0000e+00
 129.112366   1824.479    231.106    20.7025    20.6806   5.081586   5.079036    36.6793    36.6779   26.33854  -78.71360 0.0000e+00
 129.112381   1825.479    230.092    20.7386    20.7171   5.085872   5.083494    36.6835    36.6829   26.33854  -78.71360 0.0000e+00
 129.112396   1826.479    229.125    20.7535    20.7712   5.087388   5.089277    36.6839    36.6832   26.33854  -78.71360 0.0000e+00
 129.112396   1827.479    228.171    20.7699    20.7832   5.089308   5.091088    36.6860    36.6885   26.33854  -78.71360 0.0000e+00
 129.112411   1828.479    227.189    20.7922    20.7836   5.091725   5.091029    36.6870    36.6889   26.33854  -78.71360 0.0000e+00
 129.112427   1829.479    226.177    20.8063    20.8035   5.093515   5.093379    36.6901    36.6914   26.33854  -78.71360 0.0000e+00
 129.112442   1830.479    225.143    20.8181    20.8193   5.094748   5.095070    36.6907    36.6921   26.33854  -78.71360 0.0000e+00
 129.112442   1831.479    224.115    20.8223    20.8225   5.095181   5.095335    36.6915    36.6925   26.33854  -78.71359 0.0000e+00
 129.112457   1832.479    223.117    20.8271    20.8265   5.095703   5.095781    36.6924    36.6935   26.33854  -78.71358 0.0000e+00
 129.112473   1833.479    222.142    20.8430    20.8415   5.097505   5.097413    36.6937    36.6942   26.33856  -78.71358 0.0000e+00
 129.112488   1834.479    221.159    20.8552    20.8564   5.098872   5.099039    36.6948    36.6951   26.33856  -78.71358 0.0000e+00
 129.112488   1835.479    220.143    20.8773    20.8621   5.101416   5.099695    36.6967    36.6962   26.33856  -78.71358 0.0000e+00
 129.112503   1836.479    219.110    20.8863    20.8846   5.102396   5.102368    36.6975    36.6987   26.33856  -78.71358 0.0000e+00
 129.112518   1837.479    218.066    20.8954    20.8963   5.103466   5.103724    36.6989    36.7001   26.33856  -78.71358 0.0000e+00
 129.112534   1838.479    217.034    20.9049    20.9009   5.104498   5.104186    36.6997    36.7006   26.33856  -78.71358 0.0000e+00
 129.112534   1839.479    216.056    20.9166    20.9075   5.105784   5.105010    36.7005    36.7021   26.33856  -78.71358 0.0000e+00
 129.112549   1840.479    215.214    20.9220    20.9283   5.106401   5.107378    36.7013    36.7036   26.33858  -78.71358 0.0000e+00
 129.112564   1841.479    214.571    20.9173    20.9285   5.105819   5.107291    36.7013    36.7033   26.33858  -78.71358 0.0000e+00
 129.112579   1842.479    213.977    20.9139    20.9244   5.105301   5.106861    36.7007    36.7039   26.33858  -78.71358 0.0000e+00
 129.112579   1843.479    213.416    20.9232    20.9210   5.106565   5.106386    36.7030    36.7035   26.33858  -78.71358 0.0000e+00
 129.112595   1844.479    212.881    20.9428    20.9296   5.108809   5.107350    36.7043    36.7041   26.33858  -78.71358 0.0000e+00
 129.112610   1845.479    212.386    20.9611    20.9460   5.110951   5.109306    36.7058    36.7059   26.33858  -78.71358 0.0000e+00
 129.112625   1846.479    211.917    20.9845    20.9566   5.113623   5.110619    36.7072    36.7075   26.33858  -78.71358 0.0000e+00
 129.112640   1847.479    211.497    21.0187    20.9786   5.117608   5.112810    36.7096    36.7062   26.33858  -78.71358 0.0000e+00
 129.112640   1848.479    211.101    21.0410    20.9719   5.120125   5.112167    36.7108    36.7073   26.33858  -78.71358 0.0000e+00
 129.112656   1849.479    210.673    21.0337    20.9758   5.119335   5.112773    36.7114    36.7091   26.33860  -78.71358 0.0000e+00
 129.112671   1850.479    210.257    21.0575    20.9859   5.122052   5.114111    36.7128    36.7113   26.33860  -78.71358 0.0000e+00
 129.112686   1851.479    209.977    21.0626    21.0104   5.122794   5.116949    36.7147    36.7130   26.33860  -78.71358 0.0000e+00
 129.112686   1852.479    210.036    21.0925    21.0752   5.126078   5.124336    36.7152    36.7156   26.33860  -78.71358 0.0000e+00
 129.112701   1853.479    210.120    21.0922    21.0734   5.126067   5.124124    36.7157    36.7159   26.33860  -78.71358 0.0000e+00
 129.112717   1854.479    210.209    21.0925    21.0841   5.126102   5.125366    36.7160    36.7168   26.33860  -78.71358 0.0000e+00
 129.112732   1855.479    210.273    21.0924    21.0874   5.126093   5.125747    36.7163    36.7172   26.33862  -78.71356 0.0000e+00
 129.112732   1856.479    210.282    21.0925    21.0851   5.126096   5.125409    36.7165    36.7169   26.33862  -78.71356 0.0000e+00
 129.112747   1857.479    210.262    21.0921    21.0834   5.126035   5.125245    36.7165    36.7173   26.33864  -78.71356 0.0000e+00
 129.112762   1858.479    210.251    21.0922    21.0840   5.126046   5.125363    36.7166    36.7179   26.33864  -78.71356 0.0000e+00
 129.112778   1859.479    210.285    21.0918    21.0796   5.126007   5.124845    36.7168    36.7179   26.33864  -78.71356 0.0000e+00
 129.112778   1860.479    210.358    21.0921    21.0849   5.126033   5.125485    36.7169    36.7184   26.33864  -78.71356 0.0000e+00
 129.112793   1861.479    210.455    21.0909    21.0875   5.125911   5.125739    36.7170    36.7183   26.33864  -78.71356 0.0000e+00
 129.112808   1862.479    210.524    21.0909    21.0906   5.125896   5.126090    36.7170    36.7185   26.33864  -78.71356 0.0000e+00
 129.112823   1863.479    210.541    21.0905    21.0881   5.125864   5.125777    36.7172    36.7183   26.33864  -78.71356 0.0000e+00
 129.112823   1864.479    210.535    21.0908    21.0848   5.125897   5.125441    36.7172    36.7186   26.33864  -78.71356 0.0000e+00
 129.112839   1865.479    210.546    21.0914    21.0870   5.125973   5.125677    36.7173    36.7186   26.33864  -78.71356 0.0000e+00
 129.112854   1866.479    210.587    21.0919    21.0870   5.126022   5.125683    36.7173    36.7188   26.33864  -78.71356 0.0000e+00
 129.112869   1867.479    210.643    21.0922    21.0893   5.126050   5.125962    36.7174    36.7190   26.33864  -78.71356 0.0000e+00
 129.112869   1868.479    210.691    21.0918    21.0899   5.126019   5.125997    36.7175    36.7188   26.33866  -78.71356 0.0000e+00
 129.112885   1869.479    210.735    21.0917    21.0893   5.126000   5.125969    36.7175    36.7191   26.33866  -78.71356 0.0000e+00
 129.112900   1870.479    210.772    21.0910    21.0894   5.125931   5.125977    36.7176    36.7192   26.33866  -78.71356 0.0000e+00
 129.112915   1871.479    210.773    21.0904    21.0888   5.125871   5.125884    36.7176    36.7190   26.33866  -78.71356 0.0000e+00
 129.112915   1872.479    210.763    21.0902    21.0871   5.125848   5.125708    36.7176    36.7191   26.33866  -78.71356 0.0000e+00
 129.112930   1873.479    210.783    21.0850    21.0878   5.125270   5.125797    36.7175    36.7192   26.33866  -78.71356 0.0000e+00
 129.112946   1874.479    210.843    21.0784    21.0870   5.124537   5.125717    36.7174    36.7193   26.33866  -78.71356 0.0000e+00
 129.112961   1875.479    210.912    21.0758    21.0833   5.124246   5.125303    36.7173    36.7192   26.33866  -78.71356 0.0000e+00
 129.112976   1876.479    210.966    21.0790    21.0810   5.124616   5.125062    36.7174    36.7193   26.33868  -78.71356 0.0000e+00
 129.112976   1877.479    210.987    21.0796    21.0811   5.124681   5.125069    36.7175    36.7192   26.33868  -78.71356 0.0000e+00
 129.112991   1878.479    210.993    21.0816    21.0805   5.124913   5.125014    36.7175    36.7193   26.33868  -78.71356 0.0000e+00
 129.113007   1879.479    210.992    21.0764    21.0837   5.124307   5.125377    36.7173    36.7194   26.33868  -78.71356 0.0000e+00
 129.113022   1880.479    211.018    21.0778    21.0815   5.124508   5.125121    36.7175    36.7193   26.33868  -78.71356 0.0000e+00
 129.113022   1881.479    211.057    21.0859    21.0803   5.125404   5.124988    36.7177    36.7193   26.33868  -78.71356 0.0000e+00
 129.113037   1882.479    211.089    21.0839    21.0821   5.125177   5.125218    36.7176    36.7195   26.33868  -78.71356 0.0000e+00
 129.113052   1883.479    211.106    21.0786    21.0816   5.124575   5.125143    36.7174    36.7194   26.33870  -78.71356 0.0000e+00
 129.113068   1884.479    211.125    21.0724    21.0810   5.123884   5.125084    36.7173    36.7194   26.33870  -78.71356 0.0000e+00
 129.113068   1885.479    211.155    21.0727    21.0811   5.123932   5.125099    36.7173    36.7194   26.33870  -78.71356 0.0000e+00
 129.113083   1886.479    211.204    21.0775    21.0785   5.124485   5.124793    36.7175    36.7192   26.33868  -78.71356 0.0000e+00
 129.113098   1887.479    211.256    21.0808    21.0788   5.124855   5.124835    36.7176    36.7192   26.33868  -78.71356 0.0000e+00
 129.113113   1888.479    211.282    21.0823    21.0807   5.125029   5.125061    36.7176    36.7194   26.33870  -78.71356 0.0000e+00
 129.113113   1889.479    211.284    21.0814    21.0819   5.124952   5.125175    36.7179    36.7192   26.33868  -78.71356 0.0000e+00
 129.113129   1890.479    211.276    21.0830    21.0813   5.125112   5.125109    36.7178    36.7193   26.33870  -78.71356 0.0000e+00
 129.113144   1891.479    211.272    21.0762    21.0805   5.124337   5.125054    36.7175    36.7195   26.33868  -78.71355 0.0000e+00
 129.113159   1892.479    211.300    21.0699    21.0788   5.123603   5.124837    36.7172    36.7193   26.33870  -78.71354 0.0000e+00
 129.113159   1893.479    211.358    21.0717    21.0784   5.123846   5.124859    36.7174    36.7198   26.33870  -78.71354 0.0000e+00
 129.113174   1894.479    211.397    21.0782    21.0795   5.124576   5.124907    36.7175    36.7191   26.33870  -78.71354 0.0000e+00
 129.113190   1895.479    211.409    21.0788    21.0786   5.124649   5.124843    36.7176    36.7194   26.33870  -78.71354 0.0000e+00
 129.113205   1896.479    211.418    21.0792    21.0807   5.124694   5.125074    36.7176    36.7194   26.33870  -78.71354 0.0000e+00
 129.113205   1897.479    211.423    21.0788    21.0806   5.124650   5.125084    36.7176    36.7195   26.33870  -78.71354 0.0000e+00
 129.113220   1898.479    211.435    21.0775    21.0812   5.124509   5.125150    36.7176    36.7196   26.33870  -78.71354 0.0000e+00
 129.113235   1899.479    211.485    21.0723    21.0794   5.123895   5.124941    36.7172    36.7195   26.33870  -78.71354 0.0000e+00
 129.113251   1900.479    211.557    21.0644    21.0762   5.123007   5.124570    36.7170    36.7193   26.33870  -78.71354 0.0000e+00
 129.113251   1901.479    211.598    21.0603    21.0734   5.122512   5.124225    36.7166    36.7189   26.33870  -78.71354 0.0000e+00
 129.113266   1902.479    211.580    21.0591    21.0778   5.122388   5.124788    36.7166    36.7196   26.33870  -78.71354 0.0000e+00
 129.113281   1903.479    211.532    21.0600    21.0765   5.122491   5.124626    36.7166    36.7194   26.33870  -78.71354 0.0000e+00
 129.113297   1904.479    211.490    21.0611    21.0740   5.122597   5.124335    36.7165    36.7193   26.33872  -78.71354 0.0000e+00
 129.113312   1905.479    211.513    21.0633    21.0692   5.122859   5.123796    36.7166    36.7192   26.33872  -78.71354 0.0000e+00
 129.113312   1906.479    211.592    21.0665    21.0643   5.123235   5.123178    36.7167    36.7184   26.33872  -78.71354 0.0000e+00
 129.113327   1907.479    211.669    21.0683    21.0660   5.123426   5.123393    36.7167    36.7186   26.33872  -78.71354 0.0000e+00
 129.113342   1908.479    211.711    21.0659    21.0665   5.123174   5.123450    36.7168    36.7186   26.33872  -78.71354 0.0000e+00
 129.113358   1909.479    211.716    21.0665    21.0661   5.123255   5.123392    36.7169    36.7185   26.33874  -78.71354 0.0000e+00
 129.113358   1910.479    211.694    21.0699    21.0661   5.123634   5.123408    36.7169    36.7186   26.33874  -78.71354 0.0000e+00
 129.113373   1911.479    211.675    21.0673    21.0665   5.123341   5.123447    36.7169    36.7185   26.33874  -78.71354 0.0000e+00
 129.113388   1912.479    211.677    21.0635    21.0668   5.122919   5.123482    36.7168    36.7186   26.33874  -78.71354 0.0000e+00
 129.113403   1913.479    211.568    21.0628    21.0682   5.122832   5.123675    36.7168    36.7188   26.33874  -78.71354 0.0000e+00
 129.113403   1914.479    211.281    21.0646    21.0700   5.123024   5.123841    36.7168    36.7188   26.33876  -78.71354 0.0000e+00
 129.113419   1915.479    210.791    21.0696    21.0722   5.123587   5.124106    36.7172    36.7191   26.33876  -78.71354 0.0000e+00
 129.113434   1916.479    210.188    21.0715    21.0742   5.123799   5.124300    36.7174    36.7191   26.33876  -78.71354 0.0000e+00
 129.113449   1917.479    209.506    21.0749    21.0785   5.124197   5.124757    36.7178    36.7193   26.33876  -78.71354 0.0000e+00
 129.113449   1918.479    208.728    21.0778    21.0823   5.124437   5.125097    36.7176    36.7190   26.33876  -78.71354 0.0000e+00
 129.113464   1919.479    207.905    21.0813    21.0888   5.124794   5.125827    36.7176    36.7195   26.33876  -78.71354 0.0000e+00
 129.113480   1920.479    207.074    21.0841    21.0914   5.125084   5.126081    36.7179    36.7196   26.33878  -78.71354 0.0000e+00
 129.113495   1921.479    206.218    21.0891    21.0943   5.125586   5.126354    36.7179    36.7195   26.33878  -78.71354 0.0000e+00
 129.113495   1922.479    205.337    21.0928    21.0956   5.125970   5.126469    36.7180    36.7197   26.33878  -78.71354 0.0000e+00
 129.113510   1923.479    204.413    21.0986    21.0999   5.126547   5.126903    36.7180    36.7198   26.33878  -78.71353 0.0000e+00
