data/raw_ctdtime/AB1705_time_004.cnv
* Sea-Bird SBE 9 Data File:
* FileName = D:\ctd\raw\ab1705_004.hex
* Software Version Seasave V 7.26.6.26
* Temperature SN = 5237
* Conductivity SN = 3860
* Number of Bytes Per Scan = 41
* Number of Voltage Words = 4
* Number of Scans Averaged by the Deck Unit = 1
* NMEA Latitude = 26 20.03 N
* NMEA Longitude = 078 42.97 W
* NMEA UTC (Time) = May 09 2017  02:11:24
* NMEA baud rate = 4800
# nquan = 12
# nvalues = 2345                        
# units = specified
# name 0 = timeJ: Julian Days
# name 1 = timeS: Time, Elapsed [seconds]
# name 2 = prDM: Pressure, Digiquartz [db]
# name 3 = t090C: Temperature [ITS-90, deg C]
# name 4 = t190C: Temperature, 2 [ITS-90, deg C]
# name 5 = c0S/m: Conductivity [S/m]
# name 6 = c1S/m: Conductivity, 2 [S/m]
# name 7 = sal00: Salinity, Practical [PSU]
# name 8 = sal11: Salinity, Practical, 2 [PSU]
# name 9 = latitude: Latitude [deg]
# name 10 = longitude: Longitude [deg]
# name 11 = flag:
# span 0 = 129.091263, 129.118378       
# span 1 =      0.479,   2344.375       
# span 2 =      2.186,    691.583       
# span 3 =    10.3609,    25.9438       
# span 4 =    10.3732,    25.9337       
# span 5 =   3.902847,   5.617440       
# span 6 =   3.904551,   5.616548       
# span 7 =    35.2936,    36.9030       
# span 8 =    35.2989,    36.8830       
# span 9 =   26.33385,   26.34004       
# span 10 =  -78.71628,  -78.71320      
# span 11 = 0.0000e+00, 0.0000e+00      
# interval = seconds: 1                 
# start_time = May 09 2017 02:11:24 [NMEA time, header]
# bad_flag = -9.990e-29
*END*
 129.091263      0.479      6.790    25.1466    25.1506   5.542903   5.548610    36.6353    36.6747   26.33385  -78.71619 0.0000e+00
 129.091263      1.479      7.095    25.1318    25.1368   5.541696   5.547178    36.6386    36.6755   26.33396  -78.71628 0.0000e+00
 129.091278      2.479      7.416    25.0912    25.1023   5.540055   5.544618    36.6600    36.6849   26.33396  -78.71626 0.0000e+00
 129.091293      3.479      7.727    25.0625    25.0709   5.539249   5.542488    36.6777    36.6950   26.33396  -78.71626 0.0000e+00
 129.091309      4.479      8.025    25.0481    25.0537   5.538392   5.540990    36.6829    36.6978   26.33396  -78.71626 0.0000e+00
 129.091309      5.479      8.321    25.0405    25.0439   5.537114   5.539220    36.6794    36.6924   26.33396  -78.71626 0.0000e+00
 129.091324      6.479      8.629    25.0347    25.0378   5.536910   5.539493    36.6824    36.6992   26.33396  -78.71624 0.0000e+00
 129.091339      7.479      8.955    25.0240    25.0256   5.535666   5.540165    36.6817    36.7141   26.33396  -78.71624 0.0000e+00
 129.091354      8.479      9.276    25.0082    25.0114   5.533647   5.540274    36.6795    36.7265   26.33396  -78.71624 0.0000e+00
 129.091354      9.479      9.585    24.9862    24.9912   5.532484   5.537805    36.6888    36.7246   26.33396  -78.71624 0.0000e+00
 129.091370     10.479      9.865    24.9709    24.9761   5.532493   5.533748    36.7013    36.7065   26.33398  -78.71623 0.0000e+00
 129.091385     11.479     10.146    24.9579    24.9618   5.534233   5.532541    36.7248    36.7090   26.33398  -78.71622 0.0000e+00
 129.091400     12.479     10.454    24.9508    24.9527   5.535057   5.531978    36.7365    36.7120   26.33398  -78.71622 0.0000e+00
 129.091400     13.479     10.781    24.9212    24.9322   5.534575   5.532823    36.7574    36.7351   26.33398  -78.71622 0.0000e+00
 129.091415     14.479     11.106    24.8587    24.8802   5.533664   5.532544    36.8026    36.7762   26.33398  -78.71622 0.0000e+00
 129.091431     15.479     11.417    24.8152    24.8319   5.534283   5.532529    36.8432    36.8162   26.33398  -78.71622 0.0000e+00
 129.091446     16.479     11.703    24.7652    24.7827   5.530490   5.531087    36.8561    36.8461   26.33398  -78.71620 0.0000e+00
 129.091446     17.479     11.920    24.7450    24.7496   5.532551   5.529697    36.8879    36.8629   26.33398  -78.71620 0.0000e+00
 129.091461     18.479     12.072    24.7350    24.7990   5.532163   5.524710    36.8928    36.7831   26.33400  -78.71620 0.0000e+00
 129.091476     19.479     12.081    24.7362    25.0001   5.533720   5.519758    36.9030    36.5775   26.33400  -78.71620 0.0000e+00
 129.091492     20.479     12.092    24.7312    25.0643   5.530706   5.520117    36.8841    36.5272   26.33400  -78.71619 0.0000e+00
 129.091492     21.479     12.109    24.7323    25.0486   5.530993   5.521917    36.8849    36.5541   26.33400  -78.71618 0.0000e+00
 129.091507     22.479     12.106    24.7358    25.0740   5.531487   5.522037    36.8853    36.5341   26.33400  -78.71618 0.0000e+00
 129.091522     23.479     12.091    24.7356    25.0959   5.529965   5.520849    36.8738    36.5074   26.33400  -78.71618 0.0000e+00
 129.091537     24.479     12.089    24.7346    25.1472   5.528898   5.521928    36.8663    36.4733   26.33400  -78.71618 0.0000e+00
 129.091553     25.479     12.097    24.7315    25.1430   5.528176   5.524020    36.8633    36.4928   26.33400  -78.71616 0.0000e+00
 129.091553     26.479     12.092    24.7319    25.1812   5.528509   5.524096    36.8653    36.4621   26.33402  -78.71616 0.0000e+00
 129.091568     27.479     12.093    24.7306    25.1892   5.527816   5.525775    36.8610    36.4685   26.33402  -78.71616 0.0000e+00
 129.091583     28.479     12.100    24.7299    25.1990   5.527183   5.526804    36.8566    36.4684   26.33402  -78.71614 0.0000e+00
 129.091599     29.479     12.108    24.7281    25.1716   5.526812   5.523675    36.8552    36.4682   26.33402  -78.71614 0.0000e+00
 129.091599     30.479     12.102    24.7233    25.2039   5.527220   5.520759    36.8622    36.4201   26.33402  -78.71614 0.0000e+00
 129.091614     31.479     12.097    24.7224    25.1835   5.527256   5.518167    36.8631    36.4178   26.33402  -78.71614 0.0000e+00
 129.091629     32.479     12.096    24.7180    25.1851   5.527302   5.515283    36.8671    36.3954   26.33402  -78.71613 0.0000e+00
 129.091644     33.479     12.098    24.7182    25.1636   5.527581   5.511133    36.8689    36.3824   26.33402  -78.71612 0.0000e+00
 129.091644     34.479     12.084    24.7198    25.0356   5.507047   5.499204    36.7526    36.3884   26.33402  -78.71612 0.0000e+00
 129.091660     35.479     12.060    24.7185    24.7508   5.503695   5.506552    36.6889    36.6915   26.33402  -78.71612 0.0000e+00
 129.091675     36.479     12.055    24.7189    24.7491   5.503654   5.506196    36.6882    36.6892   26.33402  -78.71612 0.0000e+00
 129.091690     37.479     12.078    24.7192    24.7397   5.503647   5.505198    36.6878    36.6886   26.33402  -78.71612 0.0000e+00
 129.091690     38.479     12.094    24.7159    24.7340   5.503256   5.504730    36.6876    36.6890   26.33402  -78.71610 0.0000e+00
 129.091705     39.479     12.091    24.7146    24.7462   5.503139   5.505968    36.6877    36.6873   26.33404  -78.71610 0.0000e+00
 129.091721     40.479     12.081    24.7142    24.7371   5.503102   5.505171    36.6877    36.6884   26.33404  -78.71610 0.0000e+00
 129.091736     41.479     12.078    24.7134    24.7464   5.502977   5.505982    36.6874    36.6861   26.33404  -78.71609 0.0000e+00
 129.091736     42.479     12.074    24.7131    24.7390   5.502962   5.505589    36.6875    36.6889   26.33404  -78.71608 0.0000e+00
 129.091751     43.479     12.065    24.7128    24.7505   5.502915   5.506490    36.6874    36.6857   26.33404  -78.71608 0.0000e+00
 129.091766     44.479     12.062    24.7143    24.7316   5.503026   5.504887    36.6869    36.6892   26.33404  -78.71608 0.0000e+00
 129.091782     45.479     12.066    24.7154    24.7443   5.503122   5.506019    36.6867    36.6867   26.33404  -78.71608 0.0000e+00
 129.091782     46.479     12.075    24.7112    24.7244   5.502733   5.503973    36.6873    36.6877   26.33404  -78.71607 0.0000e+00
 129.091797     47.479     12.082    24.7097    24.7278   5.502601   5.504414    36.6875    36.6879   26.33404  -78.71606 0.0000e+00
 129.091812     48.479     12.077    24.7084    24.7305   5.502460   5.504668    36.6876    36.6873   26.33404  -78.71606 0.0000e+00
 129.091827     49.479     12.058    24.7077    24.7289   5.502419   5.504500    36.6878    36.6872   26.33406  -78.71606 0.0000e+00
 129.091827     50.479     12.047    24.7049    24.7242   5.502166   5.504038    36.6882    36.6875   26.33406  -78.71604 0.0000e+00
 129.091843     51.479     12.064    24.7045    24.7120   5.502119   5.502934    36.6881    36.6893   26.33406  -78.71604 0.0000e+00
 129.091858     52.479     12.085    24.7029    24.7156   5.501993   5.503242    36.6885    36.6884   26.33406  -78.71604 0.0000e+00
 129.091873     53.479     12.075    24.7013    24.7140   5.501829   5.503144    36.6886    36.6888   26.33406  -78.71604 0.0000e+00
 129.091873     54.479     12.041    24.7014    24.7233   5.501835   5.504007    36.6886    36.6874   26.33406  -78.71603 0.0000e+00
 129.091888     55.479     12.033    24.7010    24.7197   5.501806   5.503636    36.6887    36.6876   26.33406  -78.71602 0.0000e+00
 129.091904     56.479     12.053    24.7005    24.7187   5.501762   5.503612    36.6887    36.6881   26.33406  -78.71602 0.0000e+00
 129.091919     57.479     12.073    24.7012    24.7088   5.501825   5.502722    36.6885    36.6897   26.33406  -78.71602 0.0000e+00
 129.091934     58.479     12.068    24.6996    24.7294   5.501721   5.504487    36.6891    36.6856   26.33406  -78.71602 0.0000e+00
 129.091934     59.479     12.039    24.7014    24.7154   5.501850   5.503529    36.6885    36.6901   26.33406  -78.71602 0.0000e+00
 129.091949     60.479     12.020    24.6999    24.7213   5.501699   5.503982    36.6887    36.6885   26.33406  -78.71602 0.0000e+00
 129.091965     61.479     12.036    24.6977    24.7121   5.501493   5.503012    36.6889    36.6889   26.33406  -78.71602 0.0000e+00
 129.091980     62.479     12.068    24.6944    24.7122   5.501188   5.503011    36.6894    36.6887   26.33406  -78.71602 0.0000e+00
 129.091980     63.479     12.076    24.6902    24.7131   5.500802   5.503166    36.6900    36.6891   26.33408  -78.71602 0.0000e+00
 129.091995     64.479     12.062    24.6895    24.7166   5.500708   5.503434    36.6898    36.6881   26.33408  -78.71600 0.0000e+00
 129.092010     65.479     12.042    24.6886    24.7145   5.500638   5.503274    36.6900    36.6886   26.33408  -78.71600 0.0000e+00
 129.092026     66.479     12.022    24.6880    24.7149   5.500573   5.503279    36.6900    36.6884   26.33408  -78.71600 0.0000e+00
 129.092026     67.479     12.023    24.6855    24.7048   5.500298   5.502263    36.6900    36.6892   26.33408  -78.71600 0.0000e+00
 129.092041     68.479     12.047    24.6838    24.6971   5.500144   5.501615    36.6902    36.6907   26.33408  -78.71598 0.0000e+00
 129.092056     69.479     12.068    24.6782    24.6954   5.499606   5.501455    36.6909    36.6908   26.33410  -78.71598 0.0000e+00
 129.092072     70.479     12.065    24.6749    24.7026   5.499269   5.502105    36.6910    36.6896   26.33410  -78.71597 0.0000e+00
 129.092072     71.479     12.061    24.6745    24.7010   5.499246   5.501974    36.6911    36.6900   26.33412  -78.71594 0.0000e+00
 129.092087     72.479     12.050    24.6744    24.6919   5.499196   5.501014    36.6909    36.6904   26.33412  -78.71594 0.0000e+00
 129.092102     73.479     12.029    24.6738    24.7008   5.499166   5.501979    36.6911    36.6900   26.33412  -78.71593 0.0000e+00
 129.092117     74.479     12.008    24.6707    24.6939   5.498876   5.501361    36.6915    36.6912   26.33412  -78.71592 0.0000e+00
 129.092117     75.479     12.012    24.6682    24.6841   5.498643   5.500414    36.6918    36.6922   26.33412  -78.71592 0.0000e+00
 129.092133     76.479     12.039    24.6642    24.6813   5.498329   5.500049    36.6927    36.6918   26.33414  -78.71592 0.0000e+00
 129.092148     77.479     12.074    24.6603    24.6779   5.498003   5.499807    36.6935    36.6928   26.33414  -78.71592 0.0000e+00
 129.092163     78.479     12.085    24.6602    24.6877   5.497978   5.500699    36.6934    36.6912   26.33414  -78.71592 0.0000e+00
 129.092163     79.479     12.077    24.6603    24.6813   5.497986   5.500185    36.6933    36.6927   26.33414  -78.71591 0.0000e+00
 129.092178     80.479     12.047    24.6634    24.6880   5.498222   5.500778    36.6924    36.6915   26.33414  -78.71590 0.0000e+00
 129.092194     81.479     12.010    24.6694    24.6899   5.498761   5.500965    36.6914    36.6913   26.33414  -78.71590 0.0000e+00
 129.092209     82.479     11.995    24.6751    24.6886   5.499256   5.500778    36.6903    36.6910   26.33414  -78.71590 0.0000e+00
 129.092209     83.479     12.019    24.6744    24.6792   5.499194   5.499909    36.6905    36.6923   26.33416  -78.71590 0.0000e+00
 129.092224     84.479     12.065    24.6670    24.6764   5.498565   5.499605    36.6919    36.6923   26.33416  -78.71588 0.0000e+00
 129.092239     85.479     12.080    24.6642    24.6746   5.498357   5.499513    36.6927    36.6931   26.33416  -78.71588 0.0000e+00
 129.092255     86.479     12.048    24.6685    24.6857   5.498701   5.500595    36.6917    36.6918   26.33416  -78.71588 0.0000e+00
 129.092255     87.479     12.013    24.6695    24.6903   5.498795   5.500922    36.6916    36.6905   26.33418  -78.71588 0.0000e+00
 129.092270     88.479     12.008    24.6749    24.6813   5.499327   5.500146    36.6910    36.6922   26.33418  -78.71588 0.0000e+00
 129.092285     89.479     12.021    24.6800    24.6813   5.499783   5.500092    36.6902    36.6918   26.33418  -78.71588 0.0000e+00
 129.092300     90.479     12.033    24.6752    24.6846   5.499323   5.500435    36.6908    36.6915   26.33418  -78.71588 0.0000e+00
 129.092316     91.479     12.050    24.6705    24.6832   5.498934   5.500273    36.6918    36.6916   26.33418  -78.71588 0.0000e+00
 129.092316     92.479     12.068    24.6681    24.6827   5.498700   5.500254    36.6920    36.6918   26.33418  -78.71587 0.0000e+00
 129.092331     93.479     12.063    24.6659    24.6818   5.498490   5.500246    36.6923    36.6924   26.33420  -78.71586 0.0000e+00
 129.092346     94.479     12.030    24.6671    24.6846   5.498576   5.500539    36.6920    36.6923   26.33420  -78.71586 0.0000e+00
 129.092361     95.479     11.999    24.6684    24.6877   5.498713   5.500750    36.6918    36.6914   26.33420  -78.71586 0.0000e+00
 129.092361     96.479     11.998    24.6686    24.6810   5.498742   5.500084    36.6919    36.6919   26.33420  -78.71586 0.0000e+00
 129.092377     97.479     12.027    24.6682    24.6780   5.498699   5.499817    36.6919    36.6924   26.33420  -78.71586 0.0000e+00
 129.092392     98.479     12.049    24.6593    24.6786   5.497957   5.499878    36.6938    36.6923   26.33420  -78.71586 0.0000e+00
 129.092407     99.479     12.053    24.6604    24.6798   5.498027   5.500051    36.6934    36.6926   26.33422  -78.71586 0.0000e+00
 129.092407    100.479     12.046    24.6603    24.6839   5.498019   5.500408    36.6934    36.6919   26.33422  -78.71584 0.0000e+00
 129.092422    101.479     12.027    24.6572    24.6803   5.497771   5.500086    36.6941    36.6925   26.33422  -78.71584 0.0000e+00
 129.092438    102.479     12.015    24.6590    24.6744   5.497912   5.499577    36.6936    36.6936   26.33422  -78.71584 0.0000e+00
 129.092453    103.479     12.016    24.6581    24.6796   5.497839   5.499933    36.6938    36.6919   26.33422  -78.71584 0.0000e+00
 129.092453    104.479     12.033    24.6550    24.6746   5.497621   5.499659    36.6948    36.6940   26.33422  -78.71582 0.0000e+00
 129.092468    105.479     12.050    24.6544    24.6741   5.497558   5.499553    36.6947    36.6936   26.33422  -78.71582 0.0000e+00
 129.092484    106.479     12.051    24.6479    24.6716   5.497199   5.499326    36.6975    36.6940   26.33424  -78.71582 0.0000e+00
 129.092499    107.479     12.034    24.6453    24.6721   5.496967   5.499260    36.6978    36.6931   26.33424  -78.71582 0.0000e+00
 129.092499    108.479     12.011    24.6480    24.6642   5.497139   5.498660    36.6969    36.6951   26.33424  -78.71582 0.0000e+00
 129.092514    109.479     12.008    24.6490    24.6631   5.497200   5.498588    36.6964    36.6955   26.33424  -78.71581 0.0000e+00
 129.092529    110.479     12.024    24.6471    24.6627   5.497058   5.498509    36.6970    36.6952   26.33424  -78.71580 0.0000e+00
 129.092545    111.479     12.046    24.6424    24.6583   5.496743   5.498110    36.6985    36.6958   26.33424  -78.71580 0.0000e+00
 129.092545    112.479     12.048    24.6413    24.6621   5.496673   5.498562    36.6989    36.6960   26.33426  -78.71580 0.0000e+00
 129.092560    113.479     12.031    24.6442    24.6650   5.496830   5.498681    36.6976    36.6944   26.33426  -78.71580 0.0000e+00
 129.092575    114.479     12.013    24.6452    24.6584   5.496887   5.498131    36.6972    36.6958   26.33426  -78.71578 0.0000e+00
 129.092590    115.479     12.026    24.6449    24.6582   5.496918   5.498122    36.6977    36.6960   26.33426  -78.71578 0.0000e+00
 129.092590    116.479     12.060    24.6415    24.6538   5.496679   5.497758    36.6986    36.6968   26.33426  -78.71578 0.0000e+00
 129.092606    117.479     12.055    24.6395    24.6523   5.496556   5.497639    36.6994    36.6971   26.33426  -78.71578 0.0000e+00
 129.092621    118.479     12.026    24.6351    24.6581   5.496213   5.498056    36.7005    36.6954   26.33426  -78.71577 0.0000e+00
 129.092636    119.479     12.021    24.6351    24.6551   5.496202   5.497931    36.7004    36.6970   26.33426  -78.71576 0.0000e+00
