data/raw_ctdtime/TEST_CAST_time_04.cnv
* Sea-Bird SBE 9 Data File:
* FileName = C:\CTD data\WS1501\WS1501_FS04.hex
* Software Version Seasave V 7.21
* Temperature SN = 1701
* Conductivity SN = 1346
* Number of Bytes Per Scan = 37
* Number of Voltage Words = 4
* Number of Scans Averaged by the Deck Unit = 1
* NMEA Latitude = 26 59.67 N
* NMEA Longitude = 079 36.96 W
* NMEA UTC (Time) = Jan 13 2015  06:07:54
** Ship: R/V FG Walton Smith
** Florida Straits Cable Calibration
** WS1501 - January 2015
# nquan = 21
# nvalues = 2026                        
# units = specified
# name 0 = timeS: Time, Elapsed [seconds]
# name 1 = prDM: Pressure, Digiquartz [db]
# name 2 = t090C: Temperature [ITS-90, deg C]
# name 3 = t190C: Temperature, 2 [ITS-90, deg C]
# name 4 = c0S/m: Conductivity [S/m]
# name 5 = c1S/m: Conductivity, 2 [S/m]
# name 6 = sbeox0V: Oxygen raw, SBE 43 [V]
# name 7 = sbeox1V: Oxygen raw, SBE 43, 2 [V]
# name 8 = sigma-é00: Density [sigma-theta, kg/m^3]
# name 9 = sigma-é11: Density, 2 [sigma-theta, kg/m^3]
# name 10 = potemp090C: Potential Temperature [ITS-90, deg C]
# name 11 = potemp190C: Potential Temperature, 2 [ITS-90, deg C]
# name 12 = svCM: Sound Velocity [Chen-Millero, m/s]
# name 13 = svCM1: Sound Velocity, 2 [Chen-Millero, m/s]
# name 14 = sbeox0ML/L: Oxygen, SBE 43 [ml/l]
# name 15 = sbeox0Mm/Kg: Oxygen, SBE 43 [umol/kg]
# name 16 = sbeox1ML/L: Oxygen, SBE 43, 2 [ml/l]
# name 17 = sbeox1Mm/Kg: Oxygen, SBE 43, 2 [umol/kg]
# name 18 = sal00: Salinity, Practical [PSU]
# name 19 = sal11: Salinity, Practical, 2 [PSU]
# name 20 = flag:
# span 0 =     68.354,   2093.292       
# span 1 =      3.792,    639.953       
# span 2 =     6.3034,    26.1012       
# span 3 =     6.3037,    26.0977       
# span 4 =   3.484848,   5.622776       
# span 5 =   3.485033,   5.623385       
# span 6 =     1.4058,     2.7658       
# span 7 =     1.6324,     3.3060       
# span 8 =    23.9614,    27.4478       
# span 9 =    23.9684,    27.4490       
# span 10 =     6.2450,    26.0915      
# span 11 =     6.2453,    26.0895      
# span 12 =    1486.35,    1540.11      
# span 13 =    1486.35,    1540.17      
# span 14 =     2.5670,     4.4285      
# span 15 =    111.633,    193.147      
# span 16 =     2.6288,     4.5474      
# span 17 =    114.320,    198.332      
# span 18 =    34.9063,    36.8439      
# span 19 =    34.9046,    36.8464      
# span 20 = 0.0000e+00, 0.0000e+00      
# interval = seconds: 1                 
# start_time = Jan 13 2015 06:07:54 [NMEA time, header]
# bad_flag = -9.990e-29
*END*
[from data line 138]
    206.354     54.691    26.0891    26.0885   5.598317   5.598921     2.7416     3.2745    23.9706    23.9745    26.0768    26.0762    1539.27    1539.28     4.4068    192.198     4.5154    196.935    36.2738    36.2786 0.0000e+00
    207.354     55.722    26.0864    26.0857   5.598124   5.598746     2.7416     3.2751    23.9718    23.9759    26.0739    26.0732    1539.28    1539.29     4.4062    192.176     4.5158    196.952    36.2741    36.2793 0.0000e+00
    208.354     56.566    26.0822    26.0832   5.597830   5.598582     2.7410     3.2742    23.9739    23.9772    26.0695    26.0705    1539.29    1539.30     4.4049    192.115     4.5127    196.816    36.2750    36.2798 0.0000e+00
    209.354     57.023    26.0803    26.0795   5.597672   5.598278     2.7400     3.2716    23.9747    23.9787    26.0674    26.0667    1539.29    1539.30     4.4021    191.994     4.5069    196.567    36.2753    36.2803 0.0000e+00
    210.354     57.046    26.0800    26.0814   5.597636   5.598412     2.7386     3.2679    23.9747    23.9778    26.0672    26.0686    1539.29    1539.30     4.3994    191.878     4.5008    196.301    36.2752    36.2798 0.0000e+00
    211.354     57.175    26.0801    26.0798   5.597654   5.598289     2.7376     3.2651    23.9747    23.9785    26.0673    26.0669    1539.29    1539.30     4.3983    191.829     4.4980    196.175    36.2752    36.2801 0.0000e+00
    212.354     58.087    26.0806    26.0797   5.597772   5.598343     2.7369     3.2637    23.9748    23.9788    26.0675    26.0666    1539.31    1539.31     4.3979    191.810     4.4977    196.164    36.2754    36.2803 0.0000e+00
    213.354     59.057    26.0803    26.0795   5.597733   5.598340     2.7364     3.2632    23.9747    23.9788    26.0670    26.0662    1539.33    1539.33     4.3981    191.822     4.4984    196.194    36.2751    36.2802 0.0000e+00
    214.354     59.291    26.0806    26.0794   5.597799   5.598343     2.7363     3.2633    23.9747    23.9789    26.0673    26.0660    1539.33    1539.33     4.3987    191.844     4.4997    196.251    36.2752    36.2802 0.0000e+00
    215.354     59.240    26.0806    26.0800   5.597817   5.598419     2.7364     3.2643    23.9748    23.9787    26.0673    26.0667    1539.33    1539.33     4.3993    191.871     4.5014    196.325    36.2754    36.2802 0.0000e+00
    216.354     59.756    26.0807    26.0798   5.597827   5.598426     2.7365     3.2646    23.9747    23.9788    26.0672    26.0664    1539.34    1539.34     4.3995    191.882     4.5015    196.329    36.2752    36.2803 0.0000e+00
    217.354     60.701    26.0808    26.0798   5.597859   5.598468     2.7366     3.2646    23.9746    23.9789    26.0671    26.0662    1539.35    1539.36     4.3997    191.891     4.5016    196.334    36.2751    36.2803 0.0000e+00
    218.354     61.418    26.0814    26.0802   5.597940   5.598506     2.7364     3.2643    23.9744    23.9786    26.0677    26.0664    1539.37    1539.37     4.3995    191.883     4.5013    196.318    36.2749    36.2800 0.0000e+00
    219.354     61.839    26.0818    26.0810   5.598046   5.598618     2.7363     3.2642    23.9745    23.9785    26.0680    26.0671    1539.38    1539.38     4.4003    191.914     4.5022    196.359    36.2752    36.2801 0.0000e+00
    220.354     62.151    26.0814    26.0807   5.598051   5.598603     2.7365     3.2649    23.9748    23.9786    26.0675    26.0667    1539.38    1539.38     4.4013    191.960     4.5041    196.441    36.2755    36.2801 0.0000e+00
    221.354     62.467    26.0813    26.0807   5.598063   5.598619     2.7370     3.2658    23.9750    23.9786    26.0673    26.0666    1539.39    1539.39     4.4024    192.007     4.5059    196.520    36.2756    36.2801 0.0000e+00
    222.354     62.690    26.0817    26.0810   5.598120   5.598665     2.7372     3.2664    23.9749    23.9786    26.0676    26.0669    1539.39    1539.39     4.4023    192.004     4.5057    196.514    36.2756    36.2802 0.0000e+00
    223.354     63.361    26.0820    26.0812   5.598174   5.598721     2.7371     3.2657    23.9748    23.9786    26.0678    26.0670    1539.40    1539.41     4.4018    191.981     4.5039    196.435    36.2755    36.2802 0.0000e+00
    224.354     64.268    26.0823    26.0814   5.598235   5.598777     2.7366     3.2651    23.9747    23.9785    26.0679    26.0670    1539.42    1539.42     4.4002    191.911     4.5041    196.443    36.2755    36.2801 0.0000e+00
    225.354     64.941    26.0827    26.0818   5.598321   5.598860     2.7357     3.2652    23.9747    23.9785    26.0681    26.0672    1539.43    1539.43     4.3980    191.816     4.5054    196.500    36.2756    36.2802 0.0000e+00
    226.354     65.520    26.0827    26.0818   5.598342   5.598876     2.7347     3.2658    23.9747    23.9785    26.0680    26.0671    1539.44    1539.44     4.3975    191.796     4.5070    196.570    36.2756    36.2802 0.0000e+00
    227.354     65.504    26.0830    26.0817   5.598365   5.598882     2.7348     3.2660    23.9746    23.9786    26.0682    26.0670    1539.44    1539.44     4.3997    191.890     4.5064    196.544    36.2755    36.2803 0.0000e+00
    228.354     65.458    26.0832    26.0819   5.598385   5.598911     2.7354     3.2658    23.9745    23.9786    26.0685    26.0672    1539.44    1539.44     4.4015    191.967     4.5063    196.539    36.2754    36.2803 0.0000e+00
    229.354     66.236    26.0832    26.0822   5.598445   5.598981     2.7360     3.2661    23.9747    23.9786    26.0683    26.0674    1539.45    1539.46     4.4026    192.017     4.5070    196.568    36.2757    36.2804 0.0000e+00
    230.354     67.046    26.0824    26.0818   5.598359   5.598933     2.7363     3.2656    23.9748    23.9786    26.0674    26.0667    1539.47    1539.47     4.4028    192.025     4.5054    196.499    36.2754    36.2801 0.0000e+00
    231.354     67.564    26.0827    26.0819   5.598413   5.598978     2.7361     3.2641    23.9748    23.9786    26.0675    26.0668    1539.48    1539.48     4.4013    191.960     4.5021    196.357    36.2754    36.2801 0.0000e+00
    232.354     68.177    26.0825    26.0819   5.598436   5.598994     2.7354     3.2619    23.9749    23.9786    26.0672    26.0666    1539.49    1539.49     4.3998    191.896     4.4981    196.181    36.2755    36.2801 0.0000e+00
    233.354     68.394    26.0826    26.0817   5.598456   5.598986     2.7348     3.2593    23.9750    23.9787    26.0672    26.0663    1539.49    1539.49     4.3990    191.861     4.4945    196.023    36.2755    36.2801 0.0000e+00
    234.354     68.805    26.0825    26.0820   5.598422   5.599044     2.7342     3.2580    23.9748    23.9787    26.0670    26.0666    1539.50    1539.50     4.3976    191.797     4.4943    196.016    36.2753    36.2802 0.0000e+00
    235.354     69.749    26.0816    26.0808   5.598369   5.598918     2.7331     3.2577    23.9752    23.9790    26.0659    26.0651    1539.51    1539.51     4.3945    191.661     4.4947    196.034    36.2753    36.2799 0.0000e+00
    236.354     69.906    26.0814    26.0809   5.598379   5.598934     2.7313     3.2571    23.9754    23.9789    26.0657    26.0652    1539.51    1539.52     4.3902    191.475     4.4935    195.982    36.2754    36.2799 0.0000e+00
    237.354     69.730    26.0802    26.0807   5.598320   5.598932     2.7296     3.2564    23.9762    23.9790    26.0645    26.0651    1539.51    1539.51     4.3871    191.341     4.4920    195.913    36.2760    36.2801 0.0000e+00
    238.354     70.522    26.0776    26.0780   5.598315   5.598886     2.7280     3.2551    23.9784    23.9812    26.0618    26.0621    1539.52    1539.52     4.3847    191.237     4.4891    195.787    36.2778    36.2817 0.0000e+00
    239.354     71.860    26.0753    26.0748   5.598307   5.598864     2.7265     3.2527    23.9802    23.9837    26.0592    26.0587    1539.53    1539.54     4.3827    191.146     4.4853    195.621    36.2791    36.2836 0.0000e+00
    240.354     72.194    26.0755    26.0747   5.598325   5.598876     2.7250     3.2502    23.9801    23.9839    26.0593    26.0585    1539.54    1539.54     4.3804    191.048     4.4817    195.465    36.2790    36.2837 0.0000e+00
    241.354     72.007    26.0764    26.0759   5.598344   5.598911     2.7240     3.2482    23.9794    23.9829    26.0602    26.0597    1539.54    1539.54     4.3793    191.000     4.4792    195.358    36.2785    36.2830 0.0000e+00
    242.354     72.417    26.0754    26.0748   5.598340   5.598891     2.7234     3.2471    23.9802    23.9837    26.0592    26.0586    1539.54    1539.55     4.3785    190.966     4.4786    195.330    36.2791    36.2836 0.0000e+00
    243.354     73.258    26.0747    26.0741   5.598358   5.598908     2.7224     3.2465    23.9808    23.9844    26.0582    26.0576    1539.56    1539.56     4.3766    190.882     4.4786    195.330    36.2795    36.2840 0.0000e+00
    244.354     74.001    26.0735    26.0727   5.598325   5.598884     2.7216     3.2461    23.9816    23.9854    26.0569    26.0560    1539.57    1539.57     4.3758    190.848     4.4785    195.325    36.2800    36.2847 0.0000e+00
    245.354     74.166    26.0736    26.0725   5.598336   5.598885     2.7209     3.2455    23.9815    23.9855    26.0569    26.0559    1539.57    1539.57     4.3746    190.796     4.4768    195.251    36.2799    36.2848 0.0000e+00
    246.354     74.283    26.0751    26.0738   5.598432   5.598948     2.7203     3.2439    23.9806    23.9847    26.0584    26.0571    1539.57    1539.58     4.3740    190.767     4.4733    195.100    36.2794    36.2842 0.0000e+00
    247.354     75.382    26.0741    26.0733   5.598450   5.598973     2.7200     3.2423    23.9815    23.9851    26.0572    26.0564    1539.59    1539.59     4.3746    190.796     4.4718    195.034    36.2800    36.2844 0.0000e+00
    248.354     76.386    26.0724    26.0716   5.598417   5.598908     2.7198     3.2414    23.9827    23.9861    26.0553    26.0545    1539.61    1539.61     4.3745    190.789     4.4721    195.046    36.2808    36.2850 0.0000e+00
    249.354     76.247    26.0731    26.0734   5.598451   5.599022     2.7193     3.2414    23.9823    23.9852    26.0560    26.0562    1539.60    1539.61     4.3725    190.703     4.4726    195.068    36.2805    36.2845 0.0000e+00
    250.354     76.398    26.0729    26.0726   5.598430   5.599009     2.7184     3.2414    23.9823    23.9857    26.0558    26.0555    1539.61    1539.61     4.3703    190.608     4.4723    195.053    36.2805    36.2849 0.0000e+00
    251.354     77.095    26.0718    26.0710   5.598410   5.598963     2.7175     3.2408    23.9831    23.9869    26.0545    26.0537    1539.62    1539.62     4.3692    190.559     4.4708    194.988    36.2810    36.2857 0.0000e+00
    252.354     77.840    26.0715    26.0707   5.598474   5.598987     2.7167     3.2395    23.9835    23.9871    26.0541    26.0532    1539.63    1539.63     4.3690    190.549     4.4682    194.875    36.2814    36.2858 0.0000e+00
    253.354     78.474    26.0707    26.0700   5.598450   5.598997     2.7166     3.2375    23.9841    23.9877    26.0531    26.0524    1539.64    1539.64     4.3701    190.597     4.4652    194.745    36.2817    36.2862 0.0000e+00
    254.354     78.894    26.0703    26.0696   5.598481   5.599011     2.7166     3.2361    23.9845    23.9881    26.0526    26.0518    1539.64    1539.65     4.3696    190.576     4.4641    194.696    36.2821    36.2866 0.0000e+00
    255.354     79.506    26.0696    26.0689   5.598541   5.599065     2.7160     3.2354    23.9854    23.9889    26.0517    26.0510    1539.65    1539.66     4.3679    190.502     4.4638    194.684    36.2829    36.2873 0.0000e+00
    256.354     80.151    26.0696    26.0689   5.598588   5.599124     2.7152     3.2348    23.9855    23.9891    26.0517    26.0509    1539.66    1539.67     4.3661    190.423     4.4627    194.635    36.2830    36.2875 0.0000e+00
    257.354     80.466    26.0696    26.0690   5.598622   5.599152     2.7141     3.2332    23.9857    23.9892    26.0515    26.0509    1539.67    1539.67     4.3641    190.336     4.4592    194.481    36.2832    36.2876 0.0000e+00
    258.354     80.816    26.0697    26.0690   5.598654   5.599192     2.7133     3.2313    23.9857    23.9893    26.0515    26.0508    1539.68    1539.68     4.3640    190.329     4.4564    194.359    36.2833    36.2877 0.0000e+00
    259.354     81.271    26.0695    26.0690   5.598692   5.599226     2.7133     3.2300    23.9860    23.9895    26.0513    26.0507    1539.68    1539.69     4.3655    190.395     4.4555    194.321    36.2835    36.2879 0.0000e+00
    260.354     81.967    26.0679    26.0677   5.598621   5.599228     2.7136     3.2291    23.9869    23.9905    26.0495    26.0493    1539.69    1539.70     4.3671    190.464     4.4543    194.268    36.2840    36.2886 0.0000e+00
    261.354     82.768    26.0665    26.0659   5.598558   5.599112     2.7141     3.2280    23.9877    23.9913    26.0480    26.0474    1539.70    1539.71     4.3689    190.543     4.4536    194.239    36.2844    36.2889 0.0000e+00
    262.354     83.201    26.0664    26.0656   5.598567   5.599095     2.7146     3.2282    23.9878    23.9915    26.0477    26.0469    1539.71    1539.71     4.3693    190.561     4.4561    194.347    36.2845    36.2889 0.0000e+00
    263.354     83.505    26.0661    26.0652   5.598577   5.599081     2.7145     3.2294    23.9881    23.9917    26.0473    26.0464    1539.71    1539.72     4.3679    190.500     4.4585    194.453    36.2847    36.2891 0.0000e+00
    264.354     83.996    26.0661    26.0655   5.598615   5.599156     2.7138     3.2301    23.9882    23.9917    26.0473    26.0466    1539.72    1539.73     4.3663    190.431     4.4593    194.487    36.2848    36.2892 0.0000e+00
    265.354     84.686    26.0656    26.0650   5.598621   5.599153     2.7132     3.2306    23.9885    23.9921    26.0466    26.0460    1539.73    1539.74     4.3654    190.392     4.4603    194.530    36.2850    36.2894 0.0000e+00
    266.354     85.212    26.0649    26.0642   5.598593   5.599133     2.7127     3.2309    23.9890    23.9926    26.0457    26.0451    1539.74    1539.74     4.3659    190.412     4.4613    194.572    36.2852    36.2897 0.0000e+00
    267.354     85.607    26.0643    26.0636   5.598588   5.599112     2.7129     3.2317    23.9894    23.9929    26.0451    26.0444    1539.75    1539.75     4.3675    190.485     4.4640    194.691    36.2855    36.2899 0.0000e+00
    268.354     86.122    26.0638    26.0630   5.598579   5.599093     2.7130     3.2335    23.9898    23.9933    26.0444    26.0437    1539.75    1539.76     4.3672    190.472     4.4684    194.881    36.2857    36.2901 0.0000e+00
    269.354     86.930    26.0632    26.0627   5.598576   5.599101     2.7128     3.2359    23.9902    23.9935    26.0437    26.0432    1539.77    1539.77     4.3672    190.470     4.4724    195.056    36.2859    36.2901 0.0000e+00
    270.354     87.278    26.0633    26.0626   5.598613   5.599107     2.7128     3.2369    23.9902    23.9936    26.0437    26.0430    1539.77    1539.78     4.3677    190.492     4.4722    195.049    36.2860    36.2901 0.0000e+00
    271.354     87.153    26.0634    26.0629   5.598587   5.599142     2.7129     3.2368    23.9900    23.9935    26.0438    26.0434    1539.77    1539.77     4.3675    190.485     4.4710    194.997    36.2857    36.2901 0.0000e+00
    272.354     87.776    26.0636    26.0630   5.598745   5.599279     2.7124     3.2361    23.9905    23.9940    26.0439    26.0433    1539.78    1539.79     4.3649    190.368     4.4687    194.896    36.2865    36.2909 0.0000e+00
    273.354     89.019    26.0644    26.0639   5.599111   5.599611     2.7110     3.2339    23.9917    23.9949    26.0444    26.0439    1539.81    1539.81     4.3610    190.200     4.4635    194.671    36.2882    36.2922 0.0000e+00
