data/raw_ctdtime/TEST_CAST_time_04.cnv
* Sea-Bird SBE 9 Data File:
* FileName = C:\CTD data\WS1501\WS1501_FS04.hex
* Software Version Seasave V 7.21
* Temperature SN = 1701
* Conductivity SN = 1346
* Number of Bytes Per Scan = 37
* Number of Voltage Words = 4
* Number of Scans Averaged by the Deck Unit = 1
* NMEA Latitude = 26 59.67 N
* NMEA Longitude = 079 36.96 W
* NMEA UTC (Time) = Jan 13 2015  06:07:54
** Ship: R/V FG Walton Smith
** Florida Straits Cable Calibration
** WS1501 - January 2015
# nquan = 21
# nvalues = 2026                        
# units = specified
# name 0 = timeS: Time, Elapsed [seconds]
# name 1 = prDM: Pressure, Digiquartz [db]
# name 2 = t090C: Temperature [ITS-90, deg C]
# name 3 = t190C: Temperature, 2 [ITS-90, deg C]
# name 4 = c0S/m: Conductivity [S/m]
# name 5 = c1S/m: Conductivity, 2 [S/m]
# name 6 = sbeox0V: Oxygen raw, SBE 43 [V]
# name 7 = sbeox1V: Oxygen raw, SBE 43, 2 [V]
# name 8 = sigma-é00: Density [sigma-theta, kg/m^3]
# name 9 = sigma-é11: Density, 2 [sigma-theta, kg/m^3]
# name 10 = potemp090C: Potential Temperature [ITS-90, deg C]
# name 11 = potemp190C: Potential Temperature, 2 [ITS-90, deg C]
# name 12 = svCM: Sound Velocity [Chen-Millero, m/s]
# name 13 = svCM1: Sound Velocity, 2 [Chen-Millero, m/s]
# name 14 = sbeox0ML/L: Oxygen, SBE 43 [ml/l]
# name 15 = sbeox0Mm/Kg: Oxygen, SBE 43 [umol/kg]
# name 16 = sbeox1ML/L: Oxygen, SBE 43, 2 [ml/l]
# name 17 = sbeox1Mm/Kg: Oxygen, SBE 43, 2 [umol/kg]
# name 18 = sal00: Salinity, Practical [PSU]
# name 19 = sal11: Salinity, Practical, 2 [PSU]
# name 20 = flag:
# span 0 =     68.354,   2093.292       
# span 1 =      3.792,    639.953       
# span 2 =     6.3034,    26.1012       
# span 3 =     6.3037,    26.0977       
# span 4 =   3.484848,   5.622776       
# span 5 =   3.485033,   5.623385       
# span 6 =     1.4058,     2.7658       
# span 7 =     1.6324,     3.3060       
# span 8 =    23.9614,    27.4478       
# span 9 =    23.9684,    27.4490       
# span 10 =     6.2450,    26.0915      
# span 11 =     6.2453,    26.0895      
# span 12 =    1486.35,    1540.11      
# span 13 =    1486.35,    1540.17      
# span 14 =     2.5670,     4.4285      
# span 15 =    111.633,    193.147      
# span 16 =     2.6288,     4.5474      
# span 17 =    114.320,    198.332      
# span 18 =    34.9063,    36.8439      
# span 19 =    34.9046,    36.8464      
# span 20 = 0.0000e+00, 0.0000e+00      
# interval = seconds: 1                 
# start_time = Jan 13 2015 06:07:54 [NMEA time, header]
# bad_flag = -9.990e-29
*END*
[from data line 207]
    275.354     89.729    26.0648    26.0640   5.599174   5.599674     2.7078     3.2271    23.9915    23.9950    26.0447    26.0438    1539.82    1539.82     4.3547    189.926     4.4536    194.236    36.2881    36.2924 0.0000e+00
    276.354     89.834    26.0642    26.0637   5.599281   5.599743     2.7057     3.2252    23.9926    23.9956    26.0440    26.0436    1539.82    1539.82     4.3492    189.686     4.4508    194.115    36.2893    36.2931 0.0000e+00
    277.354     90.427    26.0597    26.0588   5.600008   5.600550     2.7031     3.2226    24.0006    24.0044    26.0394    26.0385    1539.83    1539.83     4.3435    189.436     4.4458    193.894    36.2979    36.3026 0.0000e+00
    278.354     91.225    26.0578    26.0572   5.600267   5.600791     2.7002     3.2191    24.0037    24.0071    26.0373    26.0367    1539.84    1539.85     4.3380    189.194     4.4391    193.601    36.3011    36.3055 0.0000e+00
    279.354     91.798    26.0578    26.0572   5.600293   5.600818     2.6972     3.2146    24.0037    24.0072    26.0372    26.0366    1539.85    1539.85     4.3314    188.906     4.4315    193.270    36.3011    36.3055 0.0000e+00
    280.354     91.951    26.0578    26.0573   5.600267   5.600841     2.6938     3.2103    24.0036    24.0072    26.0372    26.0366    1539.85    1539.86     4.3243    188.598     4.4250    192.988    36.3009    36.3055 0.0000e+00
    281.354     92.559    26.0580    26.0574   5.600425   5.600935     2.6905     3.2064    24.0041    24.0075    26.0372    26.0366    1539.87    1539.87     4.3190    188.366     4.4194    192.745    36.3017    36.3059 0.0000e+00
    282.354     93.238    26.0578    26.0574   5.600629   5.601152     2.6877     3.2030    24.0053    24.0086    26.0369    26.0364    1539.88    1539.88     4.3141    188.153     4.4145    192.529    36.3031    36.3073 0.0000e+00
    283.354     93.485    26.0579    26.0575   5.600711   5.601209     2.6847     3.1994    24.0056    24.0088    26.0369    26.0365    1539.88    1539.89     4.3069    187.839     4.4085    192.269    36.3036    36.3075 0.0000e+00
    284.354     94.165    26.0559    26.0556   5.601360   5.601777     2.6809     3.1957    24.0110    24.0135    26.0347    26.0345    1539.90    1539.90     4.2977    187.436     4.4016    191.967    36.3097    36.3130 0.0000e+00
    285.354     94.788    26.0441    26.0432   5.603443   5.603998     2.6760     3.1902    24.0331    24.0370    26.0229    26.0219    1539.91    1539.91     4.2838    186.825     4.3897    191.444    36.3340    36.3389 0.0000e+00
    286.354     94.957    26.0452    26.0446   5.603243   5.603755     2.6682     3.1817    24.0310    24.0344    26.0239    26.0233    1539.91    1539.91     4.2621    185.880     4.3710    190.629    36.3317    36.3359 0.0000e+00
    287.354     95.482    26.0329    26.0352   5.605589   5.605549     2.6581     3.1694    24.0550    24.0527    26.0115    26.0138    1539.92    1539.92     4.2384    184.842     4.3479    189.614    36.3584    36.3563 0.0000e+00
    288.354     95.960    26.0282    26.0274   5.606769   5.607446     2.6467     3.1560    24.0657    24.0703    26.0067    26.0058    1539.93    1539.93     4.2133    183.744     4.3251    188.617    36.3706    36.3763 0.0000e+00
    289.354     96.068    26.0284    26.0288   5.606776   5.606999     2.6343     3.1419    24.0656    24.0665    26.0068    26.0072    1539.93    1539.93     4.1888    182.674     4.3016    187.593    36.3705    36.3719 0.0000e+00
    290.354     96.657    26.0277    26.0273   5.608086   5.608369     2.6231     3.1282    24.0734    24.0753    26.0060    26.0056    1539.95    1539.95     4.1696    181.837     4.2801    186.656    36.3805    36.3828 0.0000e+00
    291.354     97.574    26.0313    26.0306   5.609741   5.610185     2.6132     3.1152    24.0791    24.0822    26.0094    26.0087    1539.98    1539.98     4.1517    181.055     4.2587    185.722    36.3894    36.3933 0.0000e+00
    292.354     97.929    26.0324    26.0330   5.609984   5.610843     2.6037     3.1013    24.0794    24.0835    26.0104    26.0110    1539.99    1540.00     4.1333    180.255     4.2348    184.679    36.3902    36.3960 0.0000e+00
    293.354     98.038    26.0324    26.0313   5.609943   5.610360     2.5946     3.0872    24.0792    24.0824    26.0104    26.0093    1539.99    1539.99     4.1169    179.538     4.2132    183.736    36.3899    36.3938 0.0000e+00
    294.354     98.582    26.0375    26.0372   5.611331   5.611868     2.5863     3.0751    24.0821    24.0853    26.0153    26.0151    1540.02    1540.02     4.1008    178.837     4.1953    182.955    36.3958    36.4000 0.0000e+00
    295.354     99.423    26.0495    26.0498   5.617643   5.617425     2.5778     3.0641    24.1059    24.1043    26.0271    26.0275    1540.10    1540.10     4.0798    177.915     4.1760    182.111    36.4322    36.4303 0.0000e+00
    296.354     99.549    26.0493    26.0483   5.616953   5.617332     2.5670     3.0517    24.1021    24.1052    26.0270    26.0259    1540.10    1540.10     4.0518    176.697     4.1521    181.069    36.4272    36.4309 0.0000e+00
    297.354     99.489    26.0497    26.0453   5.616083   5.614682     2.5533     3.0358    24.0970    24.0933    26.0273    26.0230    1540.09    1540.07     4.0208    175.343     4.1233    179.813    36.4206    36.4138 0.0000e+00
    298.354    100.254    26.0079    26.0138   5.622776   5.623385     2.5391     3.0189    24.1721    24.1700    25.9854    25.9913    1540.09    1540.11     3.9905    174.012     4.0943    178.537    36.5026    36.5024 0.0000e+00
    299.354    101.519    25.9302    25.9311   5.620330   5.621002     2.5218     2.9996    24.2295    24.2324    25.9075    25.9083    1539.98    1539.99     3.9511    172.283     4.0606    177.057    36.5463    36.5506 0.0000e+00
    300.354    102.193    25.8983    25.8974   5.618651   5.619155     2.5000     2.9742    24.2493    24.2529    25.8755    25.8746    1539.93    1539.93     3.9049    170.263     4.0157    175.095    36.5592    36.5637 0.0000e+00
    301.354    102.122    25.9107    25.9350   5.619035   5.620401     2.4791     2.9479    24.2401    24.2254    25.8879    25.9122    1539.95    1540.00     3.8686    168.683     3.9738    173.272    36.5522    36.5428 0.0000e+00
    302.354    102.674    25.8732    25.8830   5.617309   5.618479     2.4622     2.9265    24.2648    24.2623    25.8502    25.8600    1539.89    1539.91     3.8458    167.687     3.9480    172.141    36.5694    36.5701 0.0000e+00
    303.354    104.179    25.7727    25.7733   5.610761   5.611544     2.4484     2.9092    24.3203    24.3241    25.7495    25.7501    1539.71    1539.72     3.8289    166.938     3.9290    171.303    36.6012    36.6065 0.0000e+00
    304.354    105.205    25.7045    25.7075   5.605917   5.606714     2.4353     2.8925    24.3559    24.3575    25.6810    25.6841    1539.59    1539.60     3.8087    166.050     3.9057    170.282    36.6200    36.6234 0.0000e+00
    305.354    105.224    25.7290    25.7505   5.607471   5.609463     2.4231     2.8762    24.3420    24.3333    25.7055    25.7271    1539.64    1539.69     3.7869    165.102     3.8792    169.128    36.6118    36.6091 0.0000e+00
    306.354    105.403    25.6983    25.7242   5.605455   5.607959     2.4135     2.8633    24.3589    24.3491    25.6748    25.7007    1539.58    1539.64     3.7753    164.594     3.8649    168.503    36.6215    36.6191 0.0000e+00
    307.354    106.222    25.6432    25.6492   5.602149   5.603378     2.4061     2.8544    24.3910    24.3923    25.6195    25.6256    1539.49    1539.51     3.7670    164.227     3.8580    168.195    36.6412    36.6454 0.0000e+00
    308.354    107.467    25.5550    25.5561   5.595436   5.596207     2.3992     2.8465    24.4343    24.4376    25.5312    25.5323    1539.32    1539.33     3.7599    163.914     3.8507    167.872    36.6622    36.6670 0.0000e+00
    309.354    108.697    25.5174    25.5198   5.592762   5.593497     2.3926     2.8384    24.4537    24.4556    25.4933    25.4957    1539.27    1539.28     3.7502    163.486     3.8404    167.416    36.6723    36.6758 0.0000e+00
    310.354    109.372    25.5142    25.5139   5.592585   5.593092     2.3865     2.8309    24.4555    24.4587    25.4900    25.4897    1539.27    1539.27     3.7404    163.060     3.8291    166.923    36.6734    36.6774 0.0000e+00
    311.354    109.582    25.5089    25.5146   5.592210   5.593237     2.3816     2.8238    24.4582    24.4588    25.4847    25.4904    1539.26    1539.28     3.7335    162.758     3.8187    166.471    36.6747    36.6778 0.0000e+00
    312.354    110.432    25.4905    25.4907   5.590762   5.591446     2.3776     2.8179    24.4670    24.4705    25.4660    25.4663    1539.24    1539.24     3.7287    162.545     3.8119    166.175    36.6787    36.6835 0.0000e+00
    313.354    111.603    25.4296    25.4286   5.585673   5.586253     2.3741     2.8129    24.4943    24.4985    25.4049    25.4039    1539.13    1539.13     3.7266    162.450     3.8090    166.043    36.6898    36.6949 0.0000e+00
    314.354    112.340    25.3826    25.3805   5.581378   5.581843     2.3708     2.8091    24.5133    24.5178    25.3578    25.3557    1539.03    1539.03     3.7238    162.326     3.8083    166.009    36.6956    36.7008 0.0000e+00
    315.354    113.093    25.3153    25.3186   5.574533   5.575606     2.3679     2.8075    24.5367    24.5397    25.2904    25.2937    1538.89    1538.90     3.7246    162.358     3.8125    166.188    36.6990    36.7044 0.0000e+00
    316.354    113.633    25.2864    25.2804   5.571623   5.571644     2.3664     2.8076    24.5468    24.5525    25.2614    25.2554    1538.83    1538.82     3.7278    162.495     3.8165    166.360    36.7006    36.7056 0.0000e+00
    317.354    114.086    25.2676    25.2705   5.569724   5.570708     2.3669     2.8082    24.5534    24.5562    25.2425    25.2454    1538.80    1538.81     3.7362    162.860     3.8212    166.563    36.7016    36.7066 0.0000e+00
    318.354    115.317    25.1348    25.1341   5.553777   5.554842     2.3705     2.8128    24.5856    24.5922    25.1095    25.1089    1538.49    1538.49     3.7630    164.024     3.8460    167.640    36.6902    36.6986 0.0000e+00
    319.354    116.655    24.7966    24.8068   5.510823   5.513659     2.3793     2.8246    24.6536    24.6603    24.7712    24.7815    1537.65    1537.68     3.8220    166.585     3.8999    169.976    36.6434    36.6564 0.0000e+00
    320.354    117.561    24.4991    24.5043   5.472288   5.474200     2.3962     2.8461    24.7078    24.7140    24.4738    24.4790    1536.89    1536.91     3.9006    170.002     3.9733    173.170    36.5958    36.6060 0.0000e+00
    321.354    118.565    24.3229    24.3269   5.448898   5.450436     2.4219     2.8797    24.7360    24.7411    24.2975    24.3016    1536.44    1536.46     3.9871    173.764     4.0594    176.914    36.5628    36.5712 0.0000e+00
    322.354    119.368    24.1796    24.1831   5.429862   5.430979     2.4535     2.9221    24.7584    24.7616    24.1542    24.1577    1536.07    1536.09     4.0739    177.546     4.1501    180.866    36.5356    36.5412 0.0000e+00
    323.354    120.004    24.0743    24.0784   5.415500   5.417000     2.4867     2.9665    24.7725    24.7774    24.0488    24.0529    1535.80    1535.82     4.1507    180.890     4.2327    184.461    36.5126    36.5207 0.0000e+00
    324.354    120.734    24.0020    24.0037   5.405841   5.406583     2.5178     3.0076    24.7831    24.7858    23.9765    23.9781    1535.62    1535.63     4.2144    183.662     4.3013    187.451    36.4981    36.5024 0.0000e+00
    325.354    121.277    23.9715    23.9248   5.401730   5.396608     2.5455     3.0430    24.7873    24.8006    23.9459    23.8992    1535.54    1535.43     4.2641    185.830     4.3588    189.953    36.4917    36.4910 0.0000e+00
    326.354    122.216    23.8088    23.8125   5.381766   5.382984     2.5686     3.0725    24.8213    24.8249    23.7830    23.7868    1535.14    1535.15     4.3139    187.992     4.4087    192.124    36.4727    36.4789 0.0000e+00
    327.354    123.624    23.7191    23.7216   5.371146   5.371953     2.5871     3.0961    24.8419    24.8443    23.6931    23.6956    1534.93    1534.94     4.3502    189.569     4.4471    193.795    36.4648    36.4689 0.0000e+00
    328.354    124.898    23.6716    23.6733   5.367297   5.367860     2.6021     3.1133    24.8629    24.8646    23.6454    23.6471    1534.84    1534.85     4.3756    190.674     4.4702    194.795    36.4739    36.4768 0.0000e+00
    329.354    126.108    23.6681    23.6697   5.367631   5.368200     2.6130     3.1240    24.8679    24.8698    23.6417    23.6432    1534.86    1534.87     4.3873    191.181     4.4799    195.216    36.4789    36.4820 0.0000e+00
    330.354    126.629    23.6674    23.6691   5.367694   5.368309     2.6192     3.1292    24.8688    24.8708    23.6409    23.6425    1534.87    1534.87     4.3895    191.279     4.4821    195.313    36.4798    36.4832 0.0000e+00
    331.354    127.049    23.6715    23.6727   5.368547   5.369003     2.6221     3.1314    24.8699    24.8715    23.6449    23.6460    1534.89    1534.89     4.3888    191.249     4.4824    195.327    36.4829    36.4854 0.0000e+00
    332.354    128.073    23.6725    23.6741   5.369000   5.369545     2.6232     3.1320    24.8715    24.8731    23.6456    23.6472    1534.91    1534.92     4.3868    191.162     4.4820    195.310    36.4852    36.4880 0.0000e+00
    333.354    129.010    23.6777    23.6787   5.370049   5.370449     2.6225     3.1318    24.8725    24.8740    23.6506    23.6516    1534.94    1534.95     4.3809    190.904     4.4803    195.236    36.4886    36.4909 0.0000e+00
    334.354    129.904    23.6859    23.6872   5.371749   5.372168     2.6203     3.1307    24.8747    24.8760    23.6586    23.6599    1534.98    1534.99     4.3725    190.537     4.4766    195.071    36.4946    36.4967 0.0000e+00
    335.354    130.994    23.6882    23.6897   5.372643   5.373140     2.6170     3.1283    24.8776    24.8791    23.6607    23.6622    1535.01    1535.02     4.3625    190.099     4.4703    194.797    36.4992    36.5018 0.0000e+00
    336.354    131.794    23.6877    23.6894   5.372880   5.373439     2.6122     3.1240    24.8792    24.8810    23.6601    23.6617    1535.03    1535.03     4.3490    189.512     4.4593    194.317    36.5011    36.5040 0.0000e+00
    337.354    132.514    23.6797    23.6813   5.372267   5.372796     2.6061     3.1168    24.8829    24.8845    23.6519    23.6535    1535.02    1535.03     4.3334    188.833     4.4440    193.649    36.5028    36.5055 0.0000e+00
    338.354    133.871    23.6673    23.6692   5.372105   5.372674     2.5983     3.1074    24.8931    24.8946    23.6392    23.6411    1535.02    1535.03     4.3133    187.955     4.4248    192.812    36.5113    36.5140 0.0000e+00
    339.354    135.001    23.6551    23.6561   5.372353   5.372639     2.5882     3.0945    24.9055    24.9063    23.6268    23.6278    1535.02    1535.03     4.2852    186.725     4.3973    191.611    36.5228    36.5242 0.0000e+00
    340.354    135.303    23.6616    23.6615   5.373546   5.373754     2.5742     3.0767    24.9065    24.9077    23.6332    23.6331    1535.05    1535.05     4.2410    184.799     4.3566    189.837    36.5265    36.5282 0.0000e+00
    341.354    135.915    23.7004    23.6913   5.382376   5.379917     2.5533     3.0508    24.9219    24.9159    23.6719    23.6628    1535.19    1535.16     4.1713    181.761     4.2928    187.056    36.5619    36.5506 0.0000e+00
    342.354    137.012    23.8455    23.8387   5.415897   5.413769     2.5223     3.0114    24.9823    24.9762    23.8166    23.8098    1535.72    1535.69     4.0612    176.954     4.1880    182.477    36.6982    36.6875 0.0000e+00
