data/raw_ctdtime/TEST_CAST_time_04.cnv
* Sea-Bird SBE 9 Data File:
* FileName = C:\CTD data\WS1501\WS1501_FS04.hex
* Software Version Seasave V 7.21
* Temperature SN = 1701
* Conductivity SN = 1346
* Number of Bytes Per Scan = 37
* Number of Voltage Words = 4
* Number of Scans Averaged by the Deck Unit = 1
* NMEA Latitude = 26 59.67 N
* NMEA Longitude = 079 36.96 W
* NMEA UTC (Time) = Jan 13 2015  06:07:54
** Ship: R/V FG Walton Smith
** Florida Straits Cable Calibration
** WS1501 - January 2015
# nquan = 21
# nvalues = 2026                        
# units = specified
# name 0 = timeS: Time, Elapsed [seconds]
# name 1 = prDM: Pressure, Digiquartz [db]
# name 2 = t090C: Temperature [ITS-90, deg C]
# name 3 = t190C: Temperature, 2 [ITS-90, deg C]
# name 4 = c0S/m: Conductivity [S/m]
# name 5 = c1S/m: Conductivity, 2 [S/m]
# name 6 = sbeox0V: Oxygen raw, SBE 43 [V]
# name 7 = sbeox1V: Oxygen raw, SBE 43, 2 [V]
# name 8 = sigma-é00: Density [sigma-theta, kg/m^3]
# name 9 = sigma-é11: Density, 2 [sigma-theta, kg/m^3]
# name 10 = potemp090C: Potential Temperature [ITS-90, deg C]
# name 11 = potemp190C: Potential Temperature, 2 [ITS-90, deg C]
# name 12 = svCM: Sound Velocity [Chen-Millero, m/s]
# name 13 = svCM1: Sound Velocity, 2 [Chen-Millero, m/s]
# name 14 = sbeox0ML/L: Oxygen, SBE 43 [ml/l]
# name 15 = sbeox0Mm/Kg: Oxygen, SBE 43 [umol/kg]
# name 16 = sbeox1ML/L: Oxygen, SBE 43, 2 [ml/l]
# name 17 = sbeox1Mm/Kg: Oxygen, SBE 43, 2 [umol/kg]
# name 18 = sal00: Salinity, Practical [PSU]
# name 19 = sal11: Salinity, Practical, 2 [PSU]
# name 20 = flag:
# span 0 =     68.354,   2093.292       
# span 1 =      3.792,    639.953       
# span 2 =     6.3034,    26.1012       
# span 3 =     6.3037,    26.0977       
# span 4 =   3.484848,   5.622776       
# span 5 =   3.485033,   5.623385       
# span 6 =     1.4058,     2.7658       
# span 7 =     1.6324,     3.3060       
# span 8 =    23.9614,    27.4478       
# span 9 =    23.9684,    27.4490       
# span 10 =     6.2450,    26.0915      
# span 11 =     6.2453,    26.0895      
# span 12 =    1486.35,    1540.11      
# span 13 =    1486.35,    1540.17      
# span 14 =     2.5670,     4.4285      
# span 15 =    111.633,    193.147      
# span 16 =     2.6288,     4.5474      
# span 17 =    114.320,    198.332      
# span 18 =    34.9063,    36.8439      
# span 19 =    34.9046,    36.8464      
# span 20 = 0.0000e+00, 0.0000e+00      
# interval = seconds: 1                 
# start_time = Jan 13 2015 06:07:54 [NMEA time, header]
# bad_flag = -9.990e-29
*END*
[from data line 69]
    137.354     19.603    26.0820    26.0805   5.595989   5.596509     2.7538     3.3046    23.9702    23.9745    26.0776    26.0761    1538.67    1538.67     4.4123    192.441     4.5414    198.068    36.2735    36.2786 0.0000e+00
    138.354     20.716    26.0830    26.0817   5.596124   5.596686     2.7539     3.3010    23.9699    23.9741    26.0783    26.0771    1538.69    1538.69     4.4135    192.495     4.5338    197.740    36.2734    36.2785 0.0000e+00
    139.354     21.100    26.0832    26.0816   5.596152   5.596688     2.7543     3.2963    23.9698    23.9742    26.0785    26.0769    1538.69    1538.70     4.4146    192.541     4.5255    197.378    36.2733    36.2785 0.0000e+00
    140.354     20.640    26.0831    26.0808   5.596134   5.596601     2.7544     3.2915    23.9699    23.9745    26.0784    26.0762    1538.69    1538.69     4.4139    192.509     4.5187    197.082    36.2735    36.2787 0.0000e+00
    141.354     20.847    26.0829    26.0815   5.596126   5.596679     2.7542     3.2882    23.9699    23.9742    26.0782    26.0769    1538.69    1538.69     4.4133    192.484     4.5150    196.917    36.2735    36.2786 0.0000e+00
    142.354     21.704    26.0824    26.0815   5.596127   5.596719     2.7541     3.2859    23.9702    23.9744    26.0776    26.0766    1538.70    1538.71     4.4139    192.508     4.5126    196.813    36.2736    36.2786 0.0000e+00
    143.354     22.218    26.0833    26.0818   5.596245   5.596778     2.7541     3.2839    23.9700    23.9743    26.0783    26.0768    1538.71    1538.71     4.4143    192.527     4.5093    196.669    36.2736    36.2787 0.0000e+00
    144.354     22.854    26.0834    26.0823   5.596273   5.596849     2.7542     3.2809    23.9699    23.9741    26.0783    26.0772    1538.72    1538.73     4.4148    192.552     4.5032    196.405    36.2735    36.2785 0.0000e+00
    145.354     23.543    26.0837    26.0824   5.596348   5.596896     2.7542     3.2774    23.9700    23.9742    26.0784    26.0771    1538.74    1538.74     4.4156    192.582     4.4990    196.220    36.2736    36.2786 0.0000e+00
    146.354     23.974    26.0840    26.0828   5.596395   5.596946     2.7545     3.2757    23.9699    23.9741    26.0786    26.0774    1538.74    1538.75     4.4167    192.635     4.4987    196.207    36.2736    36.2786 0.0000e+00
    147.354     24.247    26.0841    26.0828   5.596426   5.596984     2.7549     3.2754    23.9699    23.9742    26.0786    26.0774    1538.75    1538.75     4.4173    192.658     4.5002    196.273    36.2736    36.2787 0.0000e+00
    148.354     24.554    26.0841    26.0828   5.596419   5.596987     2.7549     3.2767    23.9698    23.9741    26.0786    26.0773    1538.75    1538.76     4.4170    192.645     4.5046    196.465    36.2735    36.2786 0.0000e+00
    149.354     25.179    26.0840    26.0828   5.596447   5.597016     2.7549     3.2796    23.9700    23.9742    26.0783    26.0772    1538.76    1538.77     4.4172    192.654     4.5119    196.783    36.2736    36.2786 0.0000e+00
    150.354     26.281    26.0842    26.0830   5.596516   5.597076     2.7548     3.2839    23.9700    23.9742    26.0783    26.0771    1538.78    1538.79     4.4172    192.656     4.5194    197.113    36.2736    36.2786 0.0000e+00
    151.354     26.671    26.0841    26.0829   5.596541   5.597084     2.7546     3.2866    23.9701    23.9743    26.0781    26.0769    1538.79    1538.79     4.4171    192.649     4.5216    197.207    36.2737    36.2786 0.0000e+00
    152.354     26.304    26.0840    26.0828   5.596497   5.597062     2.7544     3.2879    23.9700    23.9743    26.0781    26.0769    1538.78    1538.79     4.4165    192.625     4.5228    197.261    36.2735    36.2787 0.0000e+00
    153.354     27.076    26.0847    26.0835   5.596619   5.597167     2.7542     3.2893    23.9700    23.9741    26.0786    26.0774    1538.80    1538.80     4.4157    192.590     4.5252    197.365    36.2737    36.2786 0.0000e+00
    154.354     28.404    26.0848    26.0836   5.596661   5.597221     2.7535     3.2902    23.9699    23.9740    26.0784    26.0773    1538.82    1538.82     4.4150    192.557     4.5270    197.441    36.2735    36.2785 0.0000e+00
    155.354     28.644    26.0848    26.0837   5.596706   5.597269     2.7532     3.2913    23.9701    23.9742    26.0783    26.0773    1538.82    1538.83     4.4152    192.567     4.5293    197.541    36.2737    36.2787 0.0000e+00
    156.354     28.567    26.0849    26.0836   5.596730   5.597253     2.7530     3.2920    23.9702    23.9742    26.0785    26.0772    1538.82    1538.83     4.4143    192.526     4.5283    197.498    36.2738    36.2786 0.0000e+00
    157.354     29.209    26.0854    26.0841   5.596753   5.597326     2.7523     3.2903    23.9697    23.9741    26.0788    26.0775    1538.83    1538.84     4.4123    192.441     4.5237    197.297    36.2734    36.2786 0.0000e+00
    158.354     30.096    26.0854    26.0842   5.596809   5.597360     2.7513     3.2882    23.9698    23.9740    26.0787    26.0774    1538.85    1538.85     4.4106    192.368     4.5224    197.241    36.2735    36.2785 0.0000e+00
    159.354     30.460    26.0855    26.0842   5.596824   5.597400     2.7505     3.2889    23.9698    23.9741    26.0786    26.0774    1538.86    1538.86     4.4100    192.341     4.5277    197.472    36.2734    36.2787 0.0000e+00
    160.354     30.660    26.0855    26.0843   5.596858   5.597414     2.7502     3.2921    23.9700    23.9741    26.0786    26.0774    1538.86    1538.86     4.4101    192.346     4.5342    197.755    36.2736    36.2786 0.0000e+00
    161.354     31.363    26.0857    26.0845   5.596907   5.597464     2.7500     3.2946    23.9699    23.9741    26.0786    26.0775    1538.87    1538.87     4.4104    192.356     4.5363    197.847    36.2736    36.2786 0.0000e+00
    162.354     32.184    26.0858    26.0847   5.596957   5.597514     2.7498     3.2947    23.9700    23.9740    26.0786    26.0775    1538.89    1538.89     4.4103    192.355     4.5344    197.766    36.2736    36.2786 0.0000e+00
    163.354     32.554    26.0859    26.0846   5.597000   5.597542     2.7495     3.2936    23.9701    23.9742    26.0786    26.0773    1538.89    1538.90     4.4097    192.325     4.5329    197.698    36.2738    36.2787 0.0000e+00
    164.354     33.092    26.0858    26.0847   5.597003   5.597569     2.7494     3.2936    23.9700    23.9742    26.0784    26.0773    1538.90    1538.90     4.4110    192.384     4.5343    197.759    36.2736    36.2786 0.0000e+00
    165.354     33.793    26.0860    26.0848   5.597057   5.597614     2.7500     3.2939    23.9700    23.9742    26.0784    26.0773    1538.91    1538.92     4.4135    192.494     4.5345    197.771    36.2737    36.2787 0.0000e+00
    166.354     34.078    26.0860    26.0849   5.597078   5.597634     2.7506     3.2932    23.9701    23.9742    26.0784    26.0773    1538.92    1538.92     4.4142    192.524     4.5318    197.651    36.2737    36.2787 0.0000e+00
    167.354     34.334    26.0862    26.0850   5.597103   5.597662     2.7508     3.2910    23.9700    23.9742    26.0785    26.0773    1538.92    1538.93     4.4142    192.522     4.5277    197.472    36.2736    36.2787 0.0000e+00
    168.354     34.890    26.0865    26.0854   5.597156   5.597722     2.7508     3.2898    23.9699    23.9741    26.0787    26.0776    1538.93    1538.94     4.4137    192.501     4.5287    197.516    36.2736    36.2787 0.0000e+00
    169.354     35.772    26.0871    26.0858   5.597250   5.597797     2.7505     3.2909    23.9698    23.9740    26.0790    26.0777    1538.95    1538.95     4.4130    192.471     4.5324    197.676    36.2736    36.2786 0.0000e+00
    170.354     36.417    26.0871    26.0861   5.597290   5.597862     2.7500     3.2916    23.9699    23.9739    26.0789    26.0779    1538.96    1538.96     4.4120    192.429     4.5322    197.670    36.2737    36.2786 0.0000e+00
    171.354     36.741    26.0872    26.0861   5.597325   5.597884     2.7493     3.2906    23.9699    23.9740    26.0790    26.0779    1538.97    1538.97     4.4107    192.369     4.5285    197.507    36.2737    36.2787 0.0000e+00
    172.354     37.218    26.0872    26.0861   5.597346   5.597894     2.7486     3.2884    23.9699    23.9740    26.0789    26.0777    1538.97    1538.98     4.4092    192.305     4.5246    197.338    36.2737    36.2786 0.0000e+00
    173.354     37.806    26.0872    26.0861   5.597383   5.597931     2.7477     3.2861    23.9700    23.9741    26.0788    26.0776    1538.98    1538.99     4.4083    192.266     4.5211    197.185    36.2738    36.2787 0.0000e+00
    174.354     38.005    26.0870    26.0859   5.597363   5.597929     2.7476     3.2837    23.9701    23.9742    26.0785    26.0773    1538.99    1538.99     4.4097    192.326     4.5175    197.027    36.2738    36.2788 0.0000e+00
    175.354     38.260    26.0871    26.0861   5.597386   5.597951     2.7478     3.2818    23.9701    23.9742    26.0785    26.0775    1538.99    1538.99     4.4100    192.340     4.5153    196.931    36.2738    36.2787 0.0000e+00
    176.354     39.296    26.0874    26.0863   5.597476   5.598022     2.7478     3.2807    23.9701    23.9741    26.0786    26.0775    1539.01    1539.01     4.4105    192.363     4.5155    196.942    36.2739    36.2787 0.0000e+00
    177.354     40.384    26.0878    26.0867   5.597557   5.598103     2.7479     3.2809    23.9701    23.9741    26.0787    26.0776    1539.03    1539.03     4.4113    192.396     4.5178    197.041    36.2738    36.2787 0.0000e+00
    178.354     40.277    26.0879    26.0867   5.597558   5.598114     2.7479     3.2819    23.9700    23.9741    26.0788    26.0777    1539.03    1539.03     4.4109    192.380     4.5201    197.139    36.2738    36.2787 0.0000e+00
    179.354     40.244    26.0878    26.0867   5.597563   5.598102     2.7476     3.2828    23.9701    23.9740    26.0787    26.0777    1539.03    1539.03     4.4101    192.343     4.5199    197.133    36.2739    36.2787 0.0000e+00
    180.354     41.069    26.0879    26.0869   5.597594   5.598157     2.7475     3.2818    23.9701    23.9741    26.0787    26.0776    1539.04    1539.04     4.4102    192.349     4.5173    197.019    36.2738    36.2787 0.0000e+00
    181.354     41.955    26.0881    26.0871   5.597650   5.598219     2.7471     3.2810    23.9700    23.9741    26.0787    26.0777    1539.06    1539.06     4.4090    192.297     4.5182    197.060    36.2738    36.2787 0.0000e+00
    182.354     42.508    26.0880    26.0871   5.597689   5.598248     2.7464     3.2821    23.9702    23.9741    26.0785    26.0776    1539.07    1539.07     4.4082    192.260     4.5215    197.202    36.2739    36.2787 0.0000e+00
    183.354     42.863    26.0884    26.0873   5.597726   5.598292     2.7460     3.2829    23.9700    23.9741    26.0788    26.0777    1539.07    1539.07     4.4081    192.256     4.5221    197.229    36.2738    36.2788 0.0000e+00
    184.354     43.331    26.0886    26.0875   5.597775   5.598332     2.7458     3.2828    23.9700    23.9741    26.0789    26.0778    1539.08    1539.08     4.4080    192.253     4.5210    197.182    36.2738    36.2788 0.0000e+00
    185.354     43.973    26.0894    26.0882   5.597859   5.598419     2.7456     3.2822    23.9696    23.9739    26.0795    26.0783    1539.09    1539.09     4.4081    192.259     4.5204    197.154    36.2736    36.2787 0.0000e+00
    186.354     44.523    26.0884    26.0880   5.597785   5.598419     2.7456     3.2819    23.9700    23.9739    26.0784    26.0780    1539.10    1539.10     4.4089    192.294     4.5203    197.148    36.2736    36.2786 0.0000e+00
    187.354     45.068    26.0878    26.0866   5.597740   5.598295     2.7456     3.2815    23.9703    23.9744    26.0777    26.0765    1539.11    1539.11     4.4087    192.284     4.5200    197.139    36.2736    36.2786 0.0000e+00
    188.354     45.430    26.0883    26.0873   5.597802   5.598374     2.7453     3.2812    23.9701    23.9741    26.0781    26.0771    1539.11    1539.12     4.4089    192.293     4.5198    197.127    36.2736    36.2786 0.0000e+00
    189.354     46.007    26.0892    26.0882   5.597920   5.598499     2.7458     3.2809    23.9698    23.9739    26.0789    26.0779    1539.13    1539.13     4.4112    192.392     4.5194    197.109    36.2735    36.2785 0.0000e+00
    190.354     46.991    26.0890    26.0879   5.597946   5.598518     2.7465     3.2803    23.9700    23.9741    26.0785    26.0774    1539.14    1539.15     4.4132    192.480     4.5188    197.085    36.2736    36.2786 0.0000e+00
    191.354     47.669    26.0879    26.0876   5.597869   5.598515     2.7470     3.2798    23.9704    23.9742    26.0772    26.0769    1539.15    1539.16     4.4141    192.519     4.5180    197.051    36.2736    36.2786 0.0000e+00
    192.354     47.825    26.0877    26.0871   5.597863   5.598466     2.7471     3.2785    23.9705    23.9744    26.0770    26.0763    1539.15    1539.16     4.4132    192.481     4.5144    196.892    36.2737    36.2786 0.0000e+00
    193.354     48.090    26.0879    26.0871   5.597882   5.598476     2.7466     3.2757    23.9704    23.9745    26.0771    26.0763    1539.16    1539.16     4.4113    192.398     4.5094    196.673    36.2736    36.2786 0.0000e+00
    194.354     48.827    26.0881    26.0868   5.597925   5.598482     2.7460     3.2739    23.9704    23.9746    26.0771    26.0758    1539.17    1539.17     4.4105    192.362     4.5093    196.671    36.2736    36.2787 0.0000e+00
    195.354     49.443    26.0872    26.0865   5.597889   5.598477     2.7454     3.2744    23.9709    23.9748    26.0761    26.0754    1539.18    1539.18     4.4099    192.336     4.5122    196.796    36.2738    36.2787 0.0000e+00
    196.354     49.767    26.0878    26.0870   5.597957   5.598538     2.7448     3.2750    23.9706    23.9746    26.0767    26.0758    1539.19    1539.19     4.4088    192.290     4.5127    196.819    36.2737    36.2786 0.0000e+00
    197.354     50.255    26.0866    26.0838   5.597842   5.598256     2.7444     3.2747    23.9710    23.9759    26.0753    26.0725    1539.19    1539.19     4.4086    192.277     4.5117    196.774    36.2737    36.2789 0.0000e+00
    198.354     51.080    26.0845    26.0837   5.597655   5.598255     2.7439     3.2741    23.9717    23.9758    26.0731    26.0723    1539.20    1539.20     4.4078    192.243     4.5113    196.756    36.2737    36.2787 0.0000e+00
    199.354     51.820    26.0870    26.0850   5.597957   5.598406     2.7430     3.2738    23.9710    23.9754    26.0754    26.0733    1539.22    1539.22     4.4053    192.133     4.5119    196.784    36.2737    36.2786 0.0000e+00
    200.354     52.178    26.0866    26.0854   5.597931   5.598483     2.7418     3.2742    23.9712    23.9754    26.0748    26.0736    1539.22    1539.23     4.4031    192.041     4.5134    196.849    36.2738    36.2787 0.0000e+00
    201.354     52.461    26.0881    26.0876   5.598079   5.598730     2.7410     3.2750    23.9706    23.9746    26.0763    26.0758    1539.23    1539.24     4.4027    192.022     4.5142    196.882    36.2735    36.2787 0.0000e+00
    202.354     53.065    26.0893    26.0883   5.598265   5.598834     2.7407     3.2744    23.9704    23.9745    26.0774    26.0763    1539.25    1539.25     4.4032    192.044     4.5117    196.774    36.2737    36.2787 0.0000e+00
    203.354     53.693    26.0882    26.0875   5.598179   5.598777     2.7408     3.2730    23.9708    23.9748    26.0762    26.0755    1539.25    1539.26     4.4044    192.094     4.5100    196.700    36.2737    36.2787 0.0000e+00
    204.354     54.226    26.0875    26.0854   5.598141   5.598617     2.7410     3.2726    23.9712    23.9757    26.0753    26.0732    1539.26    1539.26     4.4052    192.130     4.5115    196.764    36.2739    36.2791 0.0000e+00
