data/raw_ctdtime/TEST_CAST_time_04.cnv
* Sea-Bird SBE 9 Data File:
* FileName = C:\CTD data\WS1501\WS1501_FS04.hex
* Software Version Seasave V 7.21
* Temperature SN = 1701
* Conductivity SN = 1346
* Number of Bytes Per Scan = 37
* Number of Voltage Words = 4
* Number of Scans Averaged by the Deck Unit = 1
* NMEA Latitude = 26 59.67 N
* NMEA Longitude = 079 36.96 W
* NMEA UTC (Time) = Jan 13 2015  06:07:54
** Ship: R/V FG Walton Smith
** Florida Straits Cable Calibration
** WS1501 - January 2015
# nquan = 21
# nvalues = 2026                        
# units = specified
# name 0 = timeS: Time, Elapsed [seconds]
# name 1 = prDM: Pressure, Digiquartz [db]
# name 2 = t090C: Temperature [ITS-90, deg C]
# name 3 = t190C: Temperature, 2 [ITS-90, deg C]
# name 4 = c0S/m: Conductivity [S/m]
# name 5 = c1S/m: Conductivity, 2 [S/m]
# name 6 = sbeox0V: Oxygen raw, SBE 43 [V]
# name 7 = sbeox1V: Oxygen raw, SBE 43, 2 [V]
# name 8 = sigma-é00: Density [sigma-theta, kg/m^3]
# name 9 = sigma-é11: Density, 2 [sigma-theta, kg/m^3]
# name 10 = potemp090C: Potential Temperature [ITS-90, deg C]
# name 11 = potemp190C: Potential Temperature, 2 [ITS-90, deg C]
# name 12 = svCM: Sound Velocity [Chen-Millero, m/s]
# name 13 = svCM1: Sound Velocity, 2 [Chen-Millero, m/s]
# name 14 = sbeox0ML/L: Oxygen, SBE 43 [ml/l]
# name 15 = sbeox0Mm/Kg: Oxygen, SBE 43 [umol/kg]
# name 16 = sbeox1ML/L: Oxygen, SBE 43, 2 [ml/l]
# name 17 = sbeox1Mm/Kg: Oxygen, SBE 43, 2 [umol/kg]
# name 18 = sal00: Salinity, Practical [PSU]
# name 19 = sal11: Salinity, Practical, 2 [PSU]
# name 20 = flag:
# span 0 =     68.354,   2093.292       
# span 1 =      3.792,    639.953       
# span 2 =     6.3034,    26.1012       
# span 3 =     6.3037,    26.0977       
# span 4 =   3.484848,   5.622776       
# span 5 =   3.485033,   5.623385       
# span 6 =     1.4058,     2.7658       
# span 7 =     1.6324,     3.3060       
# span 8 =    23.9614,    27.4478       
# span 9 =    23.9684,    27.4490       
# span 10 =     6.2450,    26.0915      
# span 11 =     6.2453,    26.0895      
# span 12 =    1486.35,    1540.11      
# span 13 =    1486.35,    1540.17      
# span 14 =     2.5670,     4.4285      
# span 15 =    111.633,    193.147      
# span 16 =     2.6288,     4.5474      
# span 17 =    114.320,    198.332      
# span 18 =    34.9063,    36.8439      
# span 19 =    34.9046,    36.8464      
# span 20 = 0.0000e+00, 0.0000e+00      
# interval = seconds: 1                 
# start_time = Jan 13 2015 06:07:54 [NMEA time, header]
# bad_flag = -9.990e-29
*END*
[from data line 483]
    551.354    337.683    13.0007    13.0043   4.178336   4.178509     1.5296     1.7869    26.8957    26.8935    12.9537    12.9574    1506.53    1506.54     2.6581    115.603     2.7217    118.369    35.6366    35.6348 0.0000e+00
    552.354    338.488    12.9577    12.9646   4.173336   4.174048     1.5290     1.7865    26.8984    26.8972    12.9107    12.9176    1506.39    1506.42     2.6614    115.745     2.7254    118.527    35.6289    35.6292 0.0000e+00
    553.354    339.680    12.9312    12.9345   4.170352   4.170473     1.5288     1.7867    26.9005    26.8984    12.8841    12.8874    1506.32    1506.33     2.6654    115.919     2.7303    118.742    35.6248    35.6229 0.0000e+00
    554.354    340.865    12.9302    12.9330   4.170269   4.170308     1.5291     1.7877    26.9005    26.8982    12.8829    12.8857    1506.34    1506.34     2.6689    116.070     2.7349    118.942    35.6245    35.6222 0.0000e+00
    555.354    341.659    12.9252    12.9292   4.169735   4.169919     1.5297     1.7891    26.9009    26.8986    12.8779    12.8818    1506.33    1506.34     2.6728    116.240     2.7390    119.119    35.6237    35.6217 0.0000e+00
    556.354    342.513    12.9146    12.9116   4.168532   4.168011     1.5305     1.7904    26.9016    26.9005    12.8672    12.8642    1506.31    1506.30     2.6774    116.438     2.7428    119.284    35.6218    35.6196 0.0000e+00
    557.354    343.807    12.8694    12.8744   4.163357   4.163762     1.5316     1.7916    26.9049    26.9032    12.8218    12.8269    1506.17    1506.19     2.6848    116.763     2.7481    119.514    35.6143    35.6134 0.0000e+00
    558.354    344.965    12.7938    12.8051   4.154656   4.155862     1.5330     1.7930    26.9101    26.9085    12.7463    12.7576    1505.92    1505.96     2.6959    117.245     2.7571    119.904    35.6016    35.6024 0.0000e+00
    559.354    345.821    12.7033    12.7069   4.144231   4.144605     1.5349     1.7950    26.9164    26.9158    12.6559    12.6595    1505.62    1505.63     2.7110    117.900     2.7698    120.458    35.5864    35.5866 0.0000e+00
    560.354    346.791    12.6410    12.6451   4.137106   4.137426     1.5377     1.7977    26.9208    26.9193    12.5936    12.5978    1505.41    1505.42     2.7269    118.592     2.7833    121.043    35.5761    35.5753 0.0000e+00
    561.354    347.765    12.6178    12.6223   4.134474   4.134789     1.5410     1.8017    26.9224    26.9206    12.5703    12.5748    1505.34    1505.36     2.7399    119.157     2.7970    121.641    35.5723    35.5711 0.0000e+00
    562.354    349.097    12.5794    12.5837   4.130060   4.130475     1.5444     1.8063    26.9247    26.9237    12.5319    12.5362    1505.23    1505.24     2.7491    119.556     2.8093    122.175    35.5654    35.5653 0.0000e+00
    563.354    350.546    12.4248    12.4302   4.112487   4.113086     1.5469     1.8099    26.9363    26.9358    12.3774    12.3828    1504.70    1504.72     2.7597    120.015     2.8219    122.719    35.5412    35.5419 0.0000e+00
    564.354    351.304    12.3541    12.3599   4.104558   4.105046     1.5482     1.8115    26.9422    26.9405    12.3069    12.3126    1504.47    1504.48     2.7586    119.966     2.8215    122.705    35.5309    35.5303 0.0000e+00
    565.354    351.942    12.3512    12.3573   4.104251   4.104726     1.5478     1.8106    26.9424    26.9403    12.3038    12.3099    1504.47    1504.49     2.7487    119.536     2.8124    122.306    35.5305    35.5293 0.0000e+00
    566.354    352.967    12.3191    12.3241   4.100616   4.101027     1.5461     1.8080    26.9446    26.9430    12.2717    12.2767    1504.37    1504.38     2.7408    119.193     2.8050    121.985    35.5252    35.5245 0.0000e+00
    567.354    354.081    12.3079    12.3124   4.099388   4.099665     1.5439     1.8049    26.9454    26.9433    12.2604    12.2649    1504.35    1504.36     2.7340    118.897     2.7991    121.730    35.5234    35.5218 0.0000e+00
    568.354    355.179    12.2978    12.3030   4.098312   4.098673     1.5415     1.8020    26.9463    26.9442    12.2502    12.2554    1504.33    1504.34     2.7286    118.661     2.7947    121.538    35.5221    35.5206 0.0000e+00
    569.354    356.156    12.2938    12.2974   4.097927   4.098089     1.5392     1.7993    26.9468    26.9447    12.2460    12.2497    1504.33    1504.34     2.7228    118.412     2.7902    121.342    35.5217    35.5198 0.0000e+00
    570.354    357.169    12.2880    12.2930   4.097357   4.097713     1.5368     1.7967    26.9476    26.9457    12.2401    12.2451    1504.33    1504.34     2.7161    118.120     2.7845    121.094    35.5212    35.5199 0.0000e+00
    571.354    358.226    12.2550    12.2599   4.093750   4.094114     1.5342     1.7937    26.9508    26.9490    12.2070    12.2119    1504.23    1504.24     2.7089    117.804     2.7782    120.821    35.5171    35.5159 0.0000e+00
    572.354    358.976    12.2432    12.2470   4.092507   4.092716     1.5310     1.7899    26.9522    26.9502    12.1952    12.1990    1504.20    1504.21     2.6975    117.310     2.7675    120.353    35.5158    35.5142 0.0000e+00
    573.354    360.207    12.2276    12.2316   4.090949   4.091173     1.5271     1.7850    26.9545    26.9525    12.1795    12.1834    1504.17    1504.18     2.6830    116.680     2.7538    119.757    35.5149    35.5133 0.0000e+00
    574.354    361.846    12.1992    12.2031   4.088036   4.088249     1.5223     1.7789    26.9584    26.9564    12.1509    12.1548    1504.09    1504.10     2.6666    115.965     2.7380    119.071    35.5128    35.5112 0.0000e+00
    575.354    362.615    12.1925    12.1955   4.087321   4.087400     1.5166     1.7714    26.9591    26.9568    12.1441    12.1471    1504.08    1504.09     2.6467    115.099     2.7181    118.203    35.5119    35.5098 0.0000e+00
    576.354    362.496    12.2063    12.2252   4.088821   4.090528     1.5102     1.7629    26.9575    26.9529    12.1579    12.1767    1504.13    1504.19     2.6267    114.229     2.6965    117.264    35.5134    35.5121 0.0000e+00
    577.354    363.506    12.1848    12.1941   4.086611   4.087560     1.5040     1.7548    26.9605    26.9591    12.1363    12.1456    1504.07    1504.10     2.6145    113.698     2.6844    116.737    35.5119    35.5123 0.0000e+00
    578.354    365.215    12.1681    12.1719   4.084859   4.085071     1.4985     1.7482    26.9623    26.9604    12.1195    12.1232    1504.04    1504.05     2.6057    113.314     2.6761    116.377    35.5099    35.5084 0.0000e+00
    579.354    366.471    12.1393    12.1445   4.081621   4.082030     1.4937     1.7423    26.9642    26.9625    12.0905    12.0957    1503.96    1503.97     2.5968    112.929     2.6664    115.954    35.5052    35.5043 0.0000e+00
    580.354    367.270    12.1059    12.1108   4.077886   4.078233     1.4890     1.7365    26.9667    26.9649    12.0572    12.0620    1503.85    1503.87     2.5885    112.569     2.6570    115.546    35.5002    35.4989 0.0000e+00
    581.354    367.843    12.0681    12.0745   4.073641   4.074244     1.4848     1.7312    26.9696    26.9682    12.0193    12.0257    1503.73    1503.75     2.5826    112.311     2.6499    115.238    35.4945    35.4943 0.0000e+00
    582.354    368.738    12.0110    12.0149   4.067263   4.067554     1.4812     1.7266    26.9741    26.9727    11.9623    11.9661    1503.54    1503.55     2.5800    112.198     2.6456    115.050    35.4861    35.4853 0.0000e+00
    583.354    369.912    11.9917    11.9960   4.065087   4.065363     1.4782     1.7225    26.9752    26.9733    11.9428    11.9471    1503.48    1503.50     2.5776    112.090     2.6402    114.814    35.4827    35.4813 0.0000e+00
    584.354    371.018    11.9592    11.9638   4.061429   4.061789     1.4759     1.7190    26.9772    26.9757    11.9103    11.9149    1503.39    1503.40     2.5773    112.080     2.6372    114.684    35.4773    35.4765 0.0000e+00
    585.354    372.055    11.9337    11.9376   4.058581   4.058812     1.4741     1.7162    26.9789    26.9771    11.8848    11.8886    1503.31    1503.32     2.5771    112.071     2.6349    114.583    35.4733    35.4718 0.0000e+00
    586.354    372.872    11.9117    11.9151   4.056083   4.056286     1.4727     1.7139    26.9802    26.9786    11.8627    11.8660    1503.24    1503.25     2.5776    112.093     2.6340    114.542    35.4694    35.4682 0.0000e+00
    587.354    373.667    11.8957    11.8998   4.054292   4.054553     1.4718     1.7123    26.9812    26.9794    11.8466    11.8507    1503.20    1503.21     2.5787    112.140     2.6338    114.538    35.4668    35.4654 0.0000e+00
    588.354    374.542    11.8890    11.8924   4.053569   4.053720     1.4712     1.7113    26.9816    26.9796    11.8398    11.8432    1503.19    1503.20     2.5800    112.196     2.6349    114.585    35.4657    35.4640 0.0000e+00
    589.354    375.290    11.8834    11.8872   4.052967   4.053185     1.4710     1.7111    26.9820    26.9801    11.8342    11.8380    1503.18    1503.19     2.5818    112.275     2.6376    114.702    35.4648    35.4633 0.0000e+00
    590.354    376.343    11.8586    11.8627   4.050207   4.050510     1.4710     1.7115    26.9838    26.9822    11.8092    11.8134    1503.11    1503.12     2.5849    112.407     2.6420    114.891    35.4609    35.4600 0.0000e+00
    591.354    377.820    11.8255    11.8298   4.046535   4.046854     1.4711     1.7122    26.9861    26.9845    11.7760    11.7804    1503.02    1503.03     2.5883    112.555     2.6470    115.110    35.4558    35.4548 0.0000e+00
    592.354    378.900    11.8049    11.8094   4.044238   4.044496     1.4713     1.7132    26.9873    26.9852    11.7554    11.7598    1502.96    1502.97     2.5915    112.696     2.6509    115.279    35.4524    35.4507 0.0000e+00
    593.354    379.164    11.8016    11.8112   4.043871   4.044682     1.4718     1.7140    26.9876    26.9849    11.7520    11.7616    1502.95    1502.98     2.5944    112.822     2.6529    115.364    35.4518    35.4507 0.0000e+00
    594.354    379.728    11.8001    11.8041   4.043720   4.043977     1.4724     1.7151    26.9877    26.9858    11.7504    11.7545    1502.95    1502.97     2.5971    112.937     2.6565    115.522    35.4516    35.4502 0.0000e+00
    595.354    381.063    11.7557    11.7604   4.038658   4.039113     1.4731     1.7163    26.9899    26.9890    11.7060    11.7107    1502.81    1502.83     2.6020    113.151     2.6629    115.798    35.4436    35.4436 0.0000e+00
    596.354    382.791    11.6878    11.6913   4.031021   4.031197     1.4738     1.7176    26.9940    26.9922    11.6381    11.6415    1502.60    1502.61     2.6092    113.464     2.6708    116.143    35.4324    35.4309 0.0000e+00
    597.354    383.401    11.6878    11.6931   4.030924   4.031196     1.4747     1.7190    26.9932    26.9903    11.6380    11.6433    1502.61    1502.62     2.6134    113.646     2.6740    116.282    35.4313    35.4289 0.0000e+00
    598.354    383.093    11.7275    11.7476   4.035447   4.037317     1.4758     1.7204    26.9909    26.9865    11.6776    11.6977    1502.74    1502.81     2.6149    113.710     2.6739    116.278    35.4380    35.4373 0.0000e+00
    599.354    384.004    11.6818    11.6995   4.030371   4.032312     1.4769     1.7218    26.9943    26.9927    11.6320    11.6496    1502.59    1502.66     2.6198    113.925     2.6792    116.506    35.4313    35.4335 0.0000e+00
    600.354    385.404    11.6506    11.6545   4.026884   4.027135     1.4777     1.7227    26.9962    26.9945    11.6006    11.6045    1502.50    1502.52     2.6221    114.027     2.6821    116.634    35.4261    35.4249 0.0000e+00
    601.354    386.849    11.6309    11.6343   4.024721   4.024916     1.4782     1.7230    26.9975    26.9958    11.5808    11.5842    1502.46    1502.47     2.6232    114.073     2.6828    116.666    35.4230    35.4216 0.0000e+00
    602.354    387.869    11.6115    11.6161   4.022633   4.022929     1.4783     1.7229    26.9992    26.9972    11.5614    11.5659    1502.40    1502.42     2.6227    114.052     2.6819    116.625    35.4204    35.4190 0.0000e+00
    603.354    388.175    11.6033    11.6076   4.021711   4.022011     1.4781     1.7221    26.9997    26.9980    11.5531    11.5574    1502.38    1502.39     2.6206    113.961     2.6785    116.476    35.4191    35.4180 0.0000e+00
    604.354    389.412    11.5744    11.5782   4.018567   4.018820     1.4776     1.7209    27.0020    27.0005    11.5242    11.5279    1502.29    1502.31     2.6200    113.932     2.6773    116.424    35.4151    35.4140 0.0000e+00
    605.354    390.406    11.5513    11.5545   4.015975   4.016133     1.4770     1.7197    27.0033    27.0015    11.5010    11.5042    1502.23    1502.24     2.6193    113.903     2.6770    116.411    35.4112    35.4097 0.0000e+00
    606.354    390.490    11.5543    11.5663   4.016297   4.017428     1.4763     1.7188    27.0029    27.0005    11.5040    11.5160    1502.24    1502.28     2.6180    113.846     2.6752    116.334    35.4114    35.4111 0.0000e+00
    607.354    391.692    11.5382    11.5417   4.014542   4.014755     1.4758     1.7182    27.0041    27.0025    11.4877    11.4912    1502.20    1502.21     2.6192    113.899     2.6774    116.427    35.4090    35.4078 0.0000e+00
    608.354    392.818    11.5267    11.5301   4.013280   4.013451     1.4755     1.7180    27.0047    27.0029    11.4762    11.4795    1502.18    1502.19     2.6199    113.927     2.6795    116.521    35.4070    35.4055 0.0000e+00
    609.354    393.476    11.5231    11.5261   4.012903   4.013066     1.4752     1.7181    27.0049    27.0034    11.4725    11.4755    1502.17    1502.18     2.6197    113.918     2.6804    116.559    35.4064    35.4052 0.0000e+00
    610.354    394.660    11.4966    11.5006   4.009958   4.010225     1.4749     1.7182    27.0066    27.0049    11.4459    11.4499    1502.10    1502.11     2.6207    113.963     2.6824    116.646    35.4022    35.4010 0.0000e+00
    611.354    395.339    11.4889    11.4926   4.009096   4.009301     1.4746     1.7182    27.0069    27.0051    11.4381    11.4418    1502.08    1502.09     2.6209    113.972     2.6830    116.673    35.4007    35.3993 0.0000e+00
    612.354    395.962    11.4877    11.4912   4.008963   4.009162     1.4744     1.7182    27.0069    27.0051    11.4368    11.4403    1502.09    1502.10     2.6213    113.987     2.6831    116.675    35.4003    35.3989 0.0000e+00
    613.354    397.075    11.4578    11.4604   4.005632   4.005772     1.4743     1.7181    27.0087    27.0073    11.4069    11.4094    1501.99    1502.00     2.6231    114.069     2.6850    116.757    35.3955    35.3944 0.0000e+00
    614.354    398.326    11.4232    11.4276   4.001772   4.002097     1.4742     1.7179    27.0107    27.0091    11.3722    11.3766    1501.89    1501.90     2.6257    114.181     2.6863    116.815    35.3898    35.3888 0.0000e+00
    615.354    399.096    11.4046    11.4085   3.999697   3.999997     1.4742     1.7176    27.0118    27.0105    11.3535    11.3574    1501.83    1501.85     2.6284    114.298     2.6864    116.819    35.3868    35.3860 0.0000e+00
    616.354    399.922    11.3812    11.3850   3.997140   3.997407     1.4744     1.7171    27.0136    27.0121    11.3301    11.3339    1501.76    1501.77     2.6322    114.463     2.6873    116.856    35.3834    35.3825 0.0000e+00
    617.354    400.946    11.3552    11.3601   3.994178   3.994618     1.4748     1.7168    27.0146    27.0134    11.3041    11.3090    1501.68    1501.70     2.6355    114.605     2.6892    116.939    35.3785    35.3782 0.0000e+00
    618.354    401.549    11.3153    11.3195   3.989668   3.989990     1.4751     1.7167    27.0167    27.0152    11.2642    11.2684    1501.55    1501.56     2.6382    114.723     2.6922    117.071    35.3718    35.3709 0.0000e+00
