data/raw_ctdprof/AB1403_profile_019.cnv
* Sea-Bird SBE 9 Data File:
* FileName = C:\CTD\2014Data\03 - 2014 March\AE1404\data\ab1403_019.hex
* Software Version Seasave V 7.22.5
* Temperature SN = 5898
* Conductivity SN = 3861
* Number of Bytes Per Scan = 41
* Number of Voltage Words = 4
* Number of Scans Averaged by the Deck Unit = 1
* NMEA Latitude = 26 29.90 N
* NMEA Longitude = 073 52.03 W
* NMEA UTC (Time) = Mar 21 2014  12:19:31
* NMEA baud rate = 4800
# nquan = 27
# nvalues = 9609                        
# units = specified
# name 0 = scan: Scan Count
# name 1 = timeS: Time, Elapsed [seconds]
# name 2 = depSM: Depth [salt water, m]
# name 3 = prDM: Pressure, Digiquartz [db]
# name 4 = t090C: Temperature [ITS-90, deg C]
# name 5 = t190C: Temperature, 2 [ITS-90, deg C]
# name 6 = c0S/m: Conductivity [S/m]
# name 7 = c1S/m: Conductivity, 2 [S/m]
# name 8 = sbeox0V: Oxygen raw, SBE 43 [V]
# name 9 = sbeox1V: Oxygen raw, SBE 43, 2 [V]
# name 10 = latitude: Latitude [deg]
# name 11 = longitude: Longitude [deg]
# name 12 = sbeox0dOV/dT: Oxygen, SBE 43 [dov/dt]
# name 13 = sbeox1dOV/dT: Oxygen, SBE 43, 2 [dov/dt]
# name 14 = sbeox0ML/L: Oxygen, SBE 43 [ml/l]
# name 15 = sbeox1ML/L: Oxygen, SBE 43, 2 [ml/l]
# name 16 = potemp090C: Potential Temperature [ITS-90, deg C]
# name 17 = potemp190C: Potential Temperature, 2 [ITS-90, deg C]
# name 18 = sal00: Salinity, Practical [PSU]
# name 19 = sal11: Salinity, Practical, 2 [PSU]
# name 20 = sigma-é00: Density [sigma-theta, Kg/m^3]
# name 21 = sigma-é11: Density, 2 [sigma-theta, Kg/m^3]
# name 22 = avgsvCM: Average Sound Velocity [Chen-Millero, m/s]
# name 23 = sbeox0Mm/Kg: Oxygen, SBE 43 [umol/Kg]
# name 24 = sbeox1Mm/Kg: Oxygen, SBE 43, 2 [umol/Kg]
# name 25 = nbin: Scans Per Bin
# name 26 = flag:
# span 0 =       5325,     319836       
# span 1 =    221.831,  13326.439       
# span 2 =      0.993,   4722.391       
# span 3 =      1.000,   4807.000       
# span 4 =     2.1488,    25.0900       
# span 5 =     2.1499,    25.0907       
# span 6 =   3.248342,   5.540837       
# span 7 =   3.248145,   5.540674       
# span 8 =     1.3803,     2.7662       
# span 9 =     1.3908,     2.7585       
# span 10 =   26.49923,   26.51256      
# span 11 =  -73.87546,  -73.86666      
# span 12 =   -0.02075,    0.01426      
# span 13 =   -0.01932,    0.01370      
# span 14 =    3.04261,    5.84702      
# span 15 =    3.08929,    5.86180      
# span 16 =     1.7153,    25.0898      
# span 17 =     1.7165,    25.0905      
# span 18 =    34.8715,    36.7287      
# span 19 =    34.8678,    36.7281      
# span 20 =    24.5055,    27.8937      
# span 21 =    24.5662,    27.8908      
# span 22 =       0.00,    1586.81      
# span 23 =    132.375,    254.867      
# span 24 =    134.406,    255.511      
# span 25 =          9,         69      
# span 26 = 0.0000e+00, 0.0000e+00      
# interval = decibars: 1                
# start_time = Mar 21 2014 12:19:31 [NMEA time, header]
# bad_flag = -9.990e-29
*END*
[from data line 6819]
     208275   8678.098   2753.495   2790.000     2.9483     2.9512   3.273937   3.273970     1.7313     1.7344   26.50776  -73.87210    0.00016    0.00023    5.75987    5.78879     2.7204     2.7232    34.9372    34.9346    27.8605    27.8581    1514.10    251.028    252.288         29 0.0000e+00
     208309   8679.513   2752.514   2789.000     2.9486     2.9509   3.273932   3.273908     1.7314     1.7345   26.50776  -73.87210    0.00010    0.00013    5.76350    5.78812     2.7207     2.7230    34.9374    34.9346    27.8605    27.8581    1514.10    251.186    252.259         41 0.0000e+00
     208356   8681.449   2751.534   2788.000     2.9488     2.9497   3.273913   3.273768     1.7319     1.7346   26.50776  -73.87210    0.00017    0.00013    5.76821    5.78816     2.7210     2.7220    34.9374    34.9346    27.8605    27.8582    1514.10    251.391    252.261         45 0.0000e+00
     208392   8682.946   2750.553   2787.000     2.9512     2.9505   3.274093   3.273793     1.7323     1.7349   26.50776  -73.87210    0.00027    0.00009    5.76609    5.78828     2.7235     2.7228    34.9374    34.9346    27.8603    27.8581    1514.10    251.299    252.266         29 0.0000e+00
     208420   8684.122   2749.573   2786.000     2.9528     2.9531   3.274201   3.273983     1.7325     1.7351   26.50778  -73.87210    0.00026    0.00013    5.76680    5.78909     2.7252     2.7255    34.9374    34.9345    27.8602    27.8578    1514.10    251.329    252.301         27 0.0000e+00
     208448   8685.287   2748.592   2785.000     2.9539     2.9547   3.274263   3.274084     1.7327     1.7350   26.50778  -73.87212    0.00017    0.00010    5.76772    5.78740     2.7263     2.7271    34.9375    34.9346    27.8601    27.8577    1514.10    251.369    252.227         29 0.0000e+00
     208477   8686.500   2747.612   2784.000     2.9547     2.9551   3.274301   3.274102     1.7332     1.7354   26.50778  -73.87211    0.00022    0.00013    5.76852    5.79071     2.7272     2.7277    34.9376    34.9348    27.8601    27.8578    1514.10    251.404    252.371         30 0.0000e+00
     208508   8687.791   2746.631   2783.000     2.9558     2.9559   3.274363   3.274143     1.7333     1.7357   26.50778  -73.87210    0.00027    0.00017    5.76549    5.79187     2.7285     2.7285    34.9375    34.9349    27.8600    27.8578    1514.10    251.272    252.422         32 0.0000e+00
     208540   8689.131   2745.650   2782.000     2.9562     2.9569   3.274366   3.274193     1.7335     1.7361   26.50778  -73.87210    0.00020    0.00026    5.76314    5.79307     2.7289     2.7296    34.9376    34.9348    27.8600    27.8577    1514.10    251.170    252.474         30 0.0000e+00
     208567   8690.235   2744.670   2781.000     2.9579     2.9580   3.274479   3.274248     1.7335     1.7363   26.50778  -73.87210    0.00011    0.00027    5.76373    5.79265     2.7307     2.7308    34.9376    34.9348    27.8599    27.8576    1514.10    251.195    252.455         23 0.0000e+00
     208587   8691.093   2743.689   2780.000     2.9594     2.9599   3.274577   3.274397     1.7337     1.7367   26.50778  -73.87210    0.00010    0.00029    5.76699    5.79351     2.7322     2.7328    34.9377    34.9350    27.8598    27.8576    1514.10    251.337    252.493         19 0.0000e+00
     208606   8691.866   2742.709   2779.000     2.9607     2.9617   3.274678   3.274531     1.7338     1.7367   26.50778  -73.87211    0.00011    0.00022    5.77001    5.79226     2.7336     2.7346    34.9379    34.9352    27.8599    27.8575    1514.10    251.468    252.438         19 0.0000e+00
     208625   8692.662   2741.728   2778.000     2.9618     2.9630   3.274736   3.274608     1.7343     1.7371   26.50778  -73.87212    0.00014    0.00025    5.77354    5.79205     2.7348     2.7360    34.9379    34.9352    27.8597    27.8575    1514.10    251.622    252.429         20 0.0000e+00
     208649   8693.666   2740.748   2777.000     2.9623     2.9633   3.274735   3.274604     1.7347     1.7373   26.50778  -73.87212    0.00029    0.00026    5.77150    5.78975     2.7354     2.7364    34.9379    34.9352    27.8597    27.8574    1514.10    251.533    252.329         30 0.0000e+00
     208710   8696.216   2739.767   2776.000     2.9617     2.9609   3.274643   3.274344     1.7350     1.7372   26.50778  -73.87212    0.00018    0.00007    5.76593    5.78853     2.7349     2.7342    34.9379    34.9352    27.8597    27.8576    1514.10    251.291    252.276         42 0.0000e+00
     208764   8698.471   2738.787   2775.000     2.9623     2.9616   3.274654   3.274350     1.7351     1.7374 -9.990e-29  -73.87212    0.00001    0.00008    5.77180    5.79114     2.7356     2.7349    34.9379    34.9350    27.8596    27.8574    1514.10    251.547    252.389         30 0.0000e+00
     208788   8699.439   2737.806   2774.000     2.9652     2.9663   3.274899   3.274734     1.7356     1.7376   26.50780  -73.87212    0.00015    0.00013    5.77375    5.79063     2.7385     2.7396    34.9382    34.9350    27.8596    27.8570    1514.10    251.631    252.367         21 0.0000e+00
     208806   8700.222   2736.825   2773.000     2.9660     2.9671   3.274942   3.274789     1.7358     1.7378   26.50780  -73.87212    0.00028    0.00018    5.77236    5.79228     2.7395     2.7405    34.9382    34.9353    27.8596    27.8571    1514.10    251.570    252.439         17 0.0000e+00
     208824   8700.940   2735.845   2772.000     2.9667     2.9677   3.274954   3.274812     1.7360     1.7380   26.50780  -73.87212    0.00034    0.00014    5.76928    5.79173     2.7402     2.7412    34.9382    34.9354    27.8594    27.8571    1514.10    251.436    252.415         17 0.0000e+00
     208841   8701.675   2734.864   2771.000     2.9673     2.9683   3.274975   3.274834     1.7360     1.7382   26.50780  -73.87212    0.00034    0.00021    5.76547    5.79183     2.7409     2.7419    34.9382    34.9355    27.8594    27.8571    1514.10    251.270    252.419         18 0.0000e+00
     208862   8702.537   2733.883   2770.000     2.9677     2.9689   3.274976   3.274848     1.7361     1.7383   26.50780  -73.87212    0.00024    0.00025    5.76256    5.79068     2.7414     2.7426    34.9382    34.9355    27.8594    27.8571    1514.10    251.143    252.369         24 0.0000e+00
     208902   8704.211   2732.903   2769.000     2.9675     2.9686   3.274917   3.274782     1.7363     1.7385   26.50780  -73.87212    0.00009    0.00017    5.76279    5.78850     2.7413     2.7424    34.9382    34.9355    27.8594    27.8571    1514.10    251.153    252.274         35 0.0000e+00
     208966   8706.895   2731.922   2768.000     2.9678     2.9683   3.274901   3.274712     1.7365     1.7386   26.50780  -73.87212    0.00007    0.00002    5.76670    5.78992     2.7417     2.7422    34.9382    34.9354    27.8593    27.8571    1514.10    251.324    252.335         32 0.0000e+00
     208990   8707.855   2730.941   2767.000     2.9691     2.9696   3.274989   3.274799     1.7366     1.7390   26.50780  -73.87212    0.00011    0.00005    5.76615    5.79280     2.7431     2.7436    34.9383    34.9355    27.8593    27.8570    1514.10    251.299    252.461         21 0.0000e+00
     209009   8708.648   2729.961   2766.000     2.9700     2.9707   3.275039   3.274860     1.7367     1.7392   26.50781  -73.87212    0.00015    0.00015    5.76627    5.79239     2.7440     2.7448    34.9384    34.9355    27.8593    27.8569    1514.10    251.305    252.443         18 0.0000e+00
     209026   8709.357   2728.980   2765.000     2.9708     2.9714   3.275071   3.274896     1.7370     1.7392   26.50782  -73.87212    0.00016    0.00020    5.76896    5.79149     2.7449     2.7455    34.9384    34.9357    27.8592    27.8570    1514.10    251.422    252.404         16 0.0000e+00
     209042   8710.054   2727.999   2764.000     2.9718     2.9725   3.275130   3.274958     1.7369     1.7395   26.50782  -73.87212    0.00016    0.00026    5.76784    5.79085     2.7460     2.7467    34.9385    34.9357    27.8592    27.8568    1514.10    251.373    252.376         17 0.0000e+00
     209060   8710.807   2727.019   2763.000     2.9724     2.9731   3.275146   3.274967     1.7372     1.7395   26.50782  -73.87212    0.00016    0.00023    5.76788    5.78949     2.7467     2.7474    34.9385    34.9357    27.8591    27.8568    1514.10    251.375    252.316         20 0.0000e+00
     209084   8711.807   2726.038   2762.000     2.9726     2.9733   3.275125   3.274956     1.7375     1.7397   26.50782  -73.87212    0.00023    0.00020    5.76677    5.78786     2.7470     2.7477    34.9385    34.9357    27.8591    27.8568    1514.10    251.326    252.245         31 0.0000e+00
     209179   8715.763   2725.057   2761.000     2.9728     2.9723   3.275103   3.274823     1.7377     1.7397   26.50782  -73.87212    0.00004   -0.00002    5.76285    5.78635     2.7473     2.7469    34.9385    34.9356    27.8591    27.8568    1514.10    251.155    252.179         40 0.0000e+00
     209216   8717.288   2724.077   2760.000     2.9726     2.9733   3.275052   3.274869     1.7377     1.7395   26.50782  -73.87212    0.00007   -0.00002    5.76428    5.78792     2.7472     2.7479    34.9385    34.9356    27.8591    27.8567    1514.10    251.217    252.248         20 0.0000e+00
     209233   8717.990   2723.096   2759.000     2.9743     2.9745   3.275173   3.274951     1.7377     1.7400   26.50782  -73.87212    0.00007    0.00000    5.76419    5.79014     2.7490     2.7492    34.9387    34.9358    27.8590    27.8567    1514.10    251.214    252.344         16 0.0000e+00
     209249   8718.655   2722.115   2758.000     2.9766     2.9771   3.275345   3.275142     1.7381     1.7400   26.50783  -73.87212    0.00013    0.00008    5.76582    5.79050     2.7513     2.7518    34.9388    34.9357    27.8589    27.8564    1514.10    251.284    252.360         16 0.0000e+00
     209264   8719.309   2721.135   2757.000     2.9791     2.9792   3.275524   3.275301     1.7380     1.7406   26.50784  -73.87212    0.00013    0.00017    5.76607    5.79327     2.7539     2.7540    34.9386    34.9359    27.8586    27.8564    1514.10    251.295    252.481         16 0.0000e+00
     209281   8719.992   2720.154   2756.000     2.9807     2.9819   3.275635   3.275512     1.7383     1.7404   26.50784  -73.87212    0.00011    0.00025    5.77120    5.79067     2.7555     2.7568    34.9388    34.9360    27.8586    27.8562    1514.10    251.519    252.367         17 0.0000e+00
     209299   8720.741   2719.173   2755.000     2.9816     2.9836   3.275706   3.275628     1.7385     1.7407   26.50784  -73.87212    0.00017    0.00033    5.77420    5.78976     2.7566     2.7585    34.9391    34.9361    27.8587    27.8562    1514.10    251.649    252.328         19 0.0000e+00
     209321   8721.672   2718.193   2754.000     2.9810     2.9844   3.275608   3.275666     1.7389     1.7410   26.50784  -73.87212    0.00023    0.00034    5.77443    5.78915     2.7561     2.7594    34.9390    34.9361    27.8587    27.8561    1514.10    251.659    252.301         27 0.0000e+00
     209362   8723.363   2717.212   2753.000     2.9815     2.9823   3.275612   3.275451     1.7395     1.7411   26.50784  -73.87212    0.00040    0.00020    5.76509    5.78732     2.7566     2.7575    34.9390    34.9362    27.8587    27.8563    1514.10    251.252    252.221         58 0.0000e+00
     209420   8725.808   2716.231   2752.000     2.9826     2.9823   3.275679   3.275401     1.7392     1.7413   26.50784  -73.87213 -2.201e-07    0.00011    5.75709    5.78730     2.7578     2.7575    34.9391    34.9361    27.8586    27.8563    1514.10    250.904    252.220         47 0.0000e+00
     209455   8727.255   2715.251   2751.000     2.9872     2.9857   3.276056   3.275692     1.7393     1.7417   26.50784  -73.87214   -0.00007    0.00011    5.76236    5.78774     2.7624     2.7610    34.9392    34.9364    27.8583    27.8562    1514.10    251.133    252.239         28 0.0000e+00
     209481   8728.343   2714.270   2750.000     2.9891     2.9901   3.276204   3.276047     1.7395     1.7416   26.50784  -73.87214    0.00003    0.00010    5.76262    5.78699     2.7644     2.7654    34.9394    34.9365    27.8583    27.8558    1514.10    251.144    252.206         25 0.0000e+00
     209508   8729.448   2713.289   2749.000     2.9900     2.9910   3.276244   3.276097     1.7397     1.7420 -9.990e-29  -73.87213    0.00013    0.00015    5.76062    5.78630     2.7654     2.7664    34.9394    34.9366    27.8582    27.8558    1514.10    251.057    252.176         29 0.0000e+00
     209539   8730.745   2712.308   2748.000     2.9904     2.9906   3.276231   3.276022     1.7397     1.7419 -9.990e-29  -73.87212    0.00014    0.00011    5.76056    5.78567     2.7659     2.7661    34.9393    34.9365    27.8580    27.8558    1514.10    251.054    252.149         31 0.0000e+00
     209566   8731.883   2711.328   2747.000     2.9915     2.9918   3.276305   3.276090     1.7397     1.7422 -9.990e-29  -73.87212    0.00008    0.00009    5.76378    5.78600     2.7671     2.7673    34.9394    34.9366    27.8581    27.8558    1514.10    251.195    252.163         22 0.0000e+00
     209586   8732.724   2710.347   2746.000     2.9931     2.9935   3.276423   3.276221     1.7401     1.7421   26.50786  -73.87212    0.00005    0.00010    5.76801    5.78575     2.7687     2.7691    34.9396    34.9368    27.8580    27.8557    1514.10    251.379    252.151         19 0.0000e+00
     209604   8733.466   2709.366   2745.000     2.9955     2.9961   3.276608   3.276427     1.7405     1.7424   26.50786 -9.990e-29    0.00014    0.00011    5.77033    5.78727     2.7711     2.7718    34.9398    34.9369    27.8579    27.8556    1514.10    251.479    252.218         17 0.0000e+00
     209622   8734.218   2708.385   2744.000     2.9972     2.9978   3.276729   3.276537     1.7406     1.7424   26.50786 -9.990e-29    0.00021    0.00010    5.76787    5.78541     2.7729     2.7735    34.9399    34.9370    27.8579    27.8555    1514.10    251.372    252.136         20 0.0000e+00
     209646   8735.201   2707.404   2743.000     2.9982     2.9991   3.276797   3.276628     1.7409     1.7427   26.50786 -9.990e-29    0.00032    0.00020    5.76374    5.78577     2.7740     2.7750    34.9400    34.9371    27.8579    27.8554    1514.10    251.192    252.152         31 0.0000e+00
     209717   8738.152   2706.424   2742.000     2.9967     2.9954   3.276601   3.276240     1.7409     1.7429   26.50787  -73.87214    0.00011    0.00010    5.75812    5.78316     2.7727     2.7713    34.9397    34.9369    27.8578    27.8556    1514.10    250.947    252.038         34 0.0000e+00
     209751   8739.575   2705.443   2741.000     2.9979     2.9977   3.276678   3.276414     1.7408     1.7429   26.50788  -73.87214   -0.00001    0.00002    5.75862    5.78252     2.7740     2.7737    34.9398    34.9369    27.8578    27.8554    1514.10    250.969    252.010         22 0.0000e+00
     209771   8740.429   2704.462   2740.000     3.0011     3.0019   3.276949   3.276764     1.7412     1.7428   26.50788  -73.87214   -0.00002    0.00002    5.76317    5.78170     2.7771     2.7780    34.9402    34.9371    27.8578    27.8552    1514.10    251.167    251.974         20 0.0000e+00
     209792   8741.273   2703.482   2739.000     3.0032     3.0039   3.277096   3.276918     1.7411     1.7432   26.50788  -73.87214    0.00004    0.00004    5.76347    5.78397     2.7793     2.7801    34.9402    34.9373    27.8576    27.8551    1514.10    251.180    252.073         21 0.0000e+00
     209813   8742.187   2702.501   2738.000     3.0039     3.0048   3.277119   3.276956     1.7417     1.7431   26.50788  -73.87214    0.00015    0.00008    5.76326    5.78328     2.7801     2.7810    34.9402    34.9373    27.8575    27.8551    1514.10    251.171    252.043         23 0.0000e+00
