data/raw_ctdprof/AB1403_profile_019.cnv
* Sea-Bird SBE 9 Data File:
* FileName = C:\CTD\2014Data\03 - 2014 March\AE1404\data\ab1403_019.hex
* Software Version Seasave V 7.22.5
* Temperature SN = 5898
* Conductivity SN = 3861
* Number of Bytes Per Scan = 41
* Number of Voltage Words = 4
* Number of Scans Averaged by the Deck Unit = 1
* NMEA Latitude = 26 29.90 N
* NMEA Longitude = 073 52.03 W
* NMEA UTC (Time) = Mar 21 2014  12:19:31
* NMEA baud rate = 4800
# nquan = 27
# nvalues = 9609                        
# units = specified
# name 0 = scan: Scan Count
# name 1 = timeS: Time, Elapsed [seconds]
# name 2 = depSM: Depth [salt water, m]
# name 3 = prDM: Pressure, Digiquartz [db]
# name 4 = t090C: Temperature [ITS-90, deg C]
# name 5 = t190C: Temperature, 2 [ITS-90, deg C]
# name 6 = c0S/m: Conductivity [S/m]
# name 7 = c1S/m: Conductivity, 2 [S/m]
# name 8 = sbeox0V: Oxygen raw, SBE 43 [V]
# name 9 = sbeox1V: Oxygen raw, SBE 43, 2 [V]
# name 10 = latitude: Latitude [deg]
# name 11 = longitude: Longitude [deg]
# name 12 = sbeox0dOV/dT: Oxygen, SBE 43 [dov/dt]
# name 13 = sbeox1dOV/dT: Oxygen, SBE 43, 2 [dov/dt]
# name 14 = sbeox0ML/L: Oxygen, SBE 43 [ml/l]
# name 15 = sbeox1ML/L: Oxygen, SBE 43, 2 [ml/l]
# name 16 = potemp090C: Potential Temperature [ITS-90, deg C]
# name 17 = potemp190C: Potential Temperature, 2 [ITS-90, deg C]
# name 18 = sal00: Salinity, Practical [PSU]
# name 19 = sal11: Salinity, Practical, 2 [PSU]
# name 20 = sigma-é00: Density [sigma-theta, Kg/m^3]
# name 21 = sigma-é11: Density, 2 [sigma-theta, Kg/m^3]
# name 22 = avgsvCM: Average Sound Velocity [Chen-Millero, m/s]
# name 23 = sbeox0Mm/Kg: Oxygen, SBE 43 [umol/Kg]
# name 24 = sbeox1Mm/Kg: Oxygen, SBE 43, 2 [umol/Kg]
# name 25 = nbin: Scans Per Bin
# name 26 = flag:
# span 0 =       5325,     319836       
# span 1 =    221.831,  13326.439       
# span 2 =      0.993,   4722.391       
# span 3 =      1.000,   4807.000       
# span 4 =     2.1488,    25.0900       
# span 5 =     2.1499,    25.0907       
# span 6 =   3.248342,   5.540837       
# span 7 =   3.248145,   5.540674       
# span 8 =     1.3803,     2.7662       
# span 9 =     1.3908,     2.7585       
# span 10 =   26.49923,   26.51256      
# span 11 =  -73.87546,  -73.86666      
# span 12 =   -0.02075,    0.01426      
# span 13 =   -0.01932,    0.01370      
# span 14 =    3.04261,    5.84702      
# span 15 =    3.08929,    5.86180      
# span 16 =     1.7153,    25.0898      
# span 17 =     1.7165,    25.0905      
# span 18 =    34.8715,    36.7287      
# span 19 =    34.8678,    36.7281      
# span 20 =    24.5055,    27.8937      
# span 21 =    24.5662,    27.8908      
# span 22 =       0.00,    1586.81      
# span 23 =    132.375,    254.867      
# span 24 =    134.406,    255.511      
# span 25 =          9,         69      
# span 26 = 0.0000e+00, 0.0000e+00      
# interval = decibars: 1                
# start_time = Mar 21 2014 12:19:31 [NMEA time, header]
# bad_flag = -9.990e-29
*END*
[from data line 806]
      30070   1252.875    804.124    811.000    11.9371    11.9373   4.085088   4.084830     1.6125     1.6256   26.50164  -73.86678   -0.00098   -0.00136    3.20160    3.23327    11.8284    11.8286    35.5408    35.5381    27.0422    27.0400    1526.88    139.227    140.605         15 0.0000e+00
      30084   1253.454    805.114    812.000    11.8984    11.8993   4.080825   4.080611     1.6120     1.6238   26.50164  -73.86678   -0.00054   -0.00176    3.19809    3.23008    11.7898    11.7907    35.5356    35.5326    27.0455    27.0430    1526.87    139.075    140.467         13 0.0000e+00
      30098   1254.031    806.104    813.000    11.8639    11.8645   4.077082   4.076801     1.6105     1.6221   26.50164  -73.86678   -0.00049   -0.00215    3.19069    3.22719    11.7554    11.7560    35.5313    35.5280    27.0487    27.0460    1526.85    138.755    140.342         14 0.0000e+00
      30114   1254.689    807.093    814.000    11.8229    11.8235   4.072572   4.072282     1.6089     1.6209   26.50164  -73.86678   -0.00081   -0.00243    3.18491    3.22793    11.7144    11.7151    35.5258    35.5224    27.0522    27.0494    1526.83    138.504    140.375         19 0.0000e+00
      30167   1256.896    808.083    815.000    11.8798    11.8686   4.079108   4.077644     1.6035     1.6171   26.50164  -73.86679   -0.00196   -0.00210    3.16855    3.21942    11.7709    11.7597    35.5351    35.5315    27.0487    27.0480    1526.81    137.791    140.004         30 0.0000e+00
      30222   1259.229    809.072    816.000    11.9259    11.8834   4.083516   4.078693     1.5992     1.6156   26.50166  -73.86680   -0.00221   -0.00085    3.16312    3.21448    11.8166    11.7744    35.5339    35.5272    27.0391    27.0419    1526.79    137.555    139.788         15 0.0000e+00
      30236   1259.802    810.062    817.000    11.7472    11.7417   4.063872   4.063325     1.5983     1.6142   26.50166  -73.86680   -0.00177   -0.00051    3.17522    3.22099    11.6388    11.6334    35.5114    35.5112    27.0553    27.0562    1526.76    138.085    140.076         13 0.0000e+00
      30249   1260.330    811.051    818.000    11.7022    11.7025   4.059304   4.058982     1.5974     1.6129   26.50166  -73.86680   -0.00155   -0.00055    3.17603    3.21847    11.5939    11.5942    35.5090    35.5056    27.0620    27.0592    1526.74    138.121    139.967         13 0.0000e+00
      30261   1260.832    812.041    819.000    11.6789    11.6802   4.056858   4.056591     1.5970     1.6117   26.50166  -73.86680   -0.00143   -0.00085    3.17492    3.21446    11.5706    11.5719    35.5067    35.5030    27.0646    27.0614    1526.72    138.074    139.793         11 0.0000e+00
      30273   1261.339    813.031    820.000    11.6593    11.6598   4.054656   4.054345     1.5965     1.6107   26.50166  -73.86680   -0.00126   -0.00120    3.17244    3.21195    11.5510    11.5515    35.5035    35.4998    27.0657    27.0628    1526.71    137.967    139.685         13 0.0000e+00
      30286   1261.887    814.020    821.000    11.6444    11.6457   4.053070   4.052809     1.5959     1.6092   26.50166  -73.86679   -0.00111   -0.00166    3.16930    3.20874    11.5361    11.5373    35.5016    35.4979    27.0671    27.0639    1526.68    137.831    139.546         14 0.0000e+00
      30302   1262.561    815.010    822.000    11.6234    11.6245   4.050741   4.050494     1.5944     1.6076   26.50166  -73.86678   -0.00122   -0.00214    3.16291    3.20677    11.5150    11.5161    35.4983    35.4948    27.0685    27.0656    1526.66    137.553    139.461         19 0.0000e+00
      30339   1264.088    815.999    823.000    11.6175    11.6147   4.050214   4.049439     1.5900     1.6040   26.50166  -73.86679   -0.00191   -0.00239    3.14752    3.20000    11.5090    11.5063    35.4983    35.4934    27.0696    27.0663    1526.64    136.884    139.166         39 0.0000e+00
      30401   1266.668    816.989    824.000    11.6924    11.6466   4.058450   4.052985     1.5844     1.6007   26.50167  -73.86680   -0.00277   -0.00159    3.14141    3.18939    11.5833    11.5378    35.5074    35.4974    27.0627    27.0635    1526.62    136.616    138.703         36 0.0000e+00
      30426   1267.707    817.978    825.000    11.5648    11.5456   4.044295   4.041905     1.5839     1.5991   26.50167  -73.86680   -0.00185   -0.00127    3.15702    3.19326    11.4564    11.4373    35.4895    35.4843    27.0726    27.0721    1526.60    137.299    138.875         22 0.0000e+00
      30445   1268.513    818.968    826.000    11.5060    11.5062   4.037922   4.037583     1.5834     1.5981   26.50166  -73.86680   -0.00121   -0.00126    3.15907    3.19403    11.3978    11.3980    35.4825    35.4789    27.0780    27.0752    1526.58    137.389    138.910         18 0.0000e+00
      30463   1269.237    819.957    827.000    11.4874    11.4890   4.036004   4.035789     1.5832     1.5969   26.50168  -73.86680   -0.00072   -0.00131    3.15670    3.19154    11.3791    11.3807    35.4809    35.4773    27.0803    27.0772    1526.56    137.286    138.802         17 0.0000e+00
      30481   1269.983    820.947    828.000    11.4685    11.4697   4.033939   4.033703     1.5831     1.5957   26.50168  -73.86680   -0.00051   -0.00146    3.15423    3.18991    11.3602    11.3614    35.4782    35.4747    27.0818    27.0787    1526.54    137.180    138.732         19 0.0000e+00
      30505   1271.000    821.937    829.000    11.4520    11.4530   4.032216   4.031918     1.5807     1.5942   26.50168  -73.86680   -0.00074   -0.00154    3.14415    3.18723    11.3437    11.3447    35.4765    35.4726    27.0835    27.0802    1526.52    136.742    138.615         32 0.0000e+00
      30541   1272.520    822.926    830.000    11.4427    11.4447   4.031262   4.031053     1.5776     1.5918   26.50168  -73.86680   -0.00157   -0.00157    3.13653    3.18290    11.3343    11.3363    35.4756    35.4716    27.0845    27.0811    1526.50    136.410    138.427         32 0.0000e+00
      30564   1273.439    823.916    831.000    11.4381    11.4396   4.030766   4.030545     1.5765     1.5909   26.50168  -73.86680   -0.00192   -0.00147    3.13766    3.18169    11.3296    11.3311    35.4746    35.4711    27.0846    27.0816    1526.48    136.460    138.375         17 0.0000e+00
      30579   1274.079    824.905    832.000    11.4281    11.4295   4.029668   4.029459     1.5757     1.5904   26.50168  -73.86680   -0.00182   -0.00135    3.13740    3.18083    11.3195    11.3209    35.4729    35.4695    27.0852    27.0823    1526.45    136.449    138.337         14 0.0000e+00
      30592   1274.646    825.895    833.000    11.4176    11.4192   4.028579   4.028377     1.5752     1.5899   26.50168  -73.86680   -0.00155   -0.00120    3.13669    3.18017    11.3090    11.3106    35.4718    35.4682    27.0862    27.0832    1526.43    136.418    138.309         14 0.0000e+00
      30606   1275.213    826.884    834.000    11.4079    11.4095   4.027519   4.027327     1.5747     1.5891   26.50168  -73.86680   -0.00135   -0.00109    3.13592    3.17750    11.2992    11.3008    35.4702    35.4667    27.0868    27.0838    1526.41    136.385    138.193         14 0.0000e+00
      30623   1275.913    827.874    835.000    11.3819    11.3825   4.024672   4.024391     1.5735     1.5880   26.50168  -73.86680   -0.00119   -0.00107    3.13377    3.17542    11.2733    11.2738    35.4664    35.4632    27.0887    27.0860    1526.39    136.292    138.104         21 0.0000e+00
      30682   1278.387    828.863    836.000    11.4090    11.4035   4.027805   4.026730     1.5697     1.5843   26.50168  -73.86680   -0.00145   -0.00155    3.12065    3.16629    11.3000    11.2945    35.4711    35.4657    27.0874    27.0842    1526.37    135.721    137.705         37 0.0000e+00
      30717   1279.844    829.853    837.000    11.3662    11.3610   4.022757   4.022027     1.5677     1.5834 -9.990e-29  -73.86680   -0.00144   -0.00123    3.11989    3.16771    11.2574    11.2522    35.4617    35.4594    27.0879    27.0871    1526.35    135.689    137.769         21 0.0000e+00
      30737   1280.653    830.842    838.000    11.3008    11.3021   4.015910   4.015668     1.5665     1.5827 -9.990e-29  -73.86680   -0.00143   -0.00088    3.12332    3.16931    11.1922    11.1935    35.4561    35.4525    27.0956    27.0926    1526.33    135.840    137.840         18 0.0000e+00
      30755   1281.403    831.831    839.000    11.2715    11.2725   4.012670   4.012403     1.5656     1.5811 -9.990e-29  -73.86680   -0.00144   -0.00076    3.12365    3.16559    11.1629    11.1639    35.4516    35.4481    27.0976    27.0946    1526.31    135.855    137.679         18 0.0000e+00
      30774   1282.204    832.821    840.000    11.2604    11.2620   4.011552   4.011321     1.5655     1.5801   26.50170  -73.86680   -0.00126   -0.00099    3.12563    3.16283    11.1518    11.1533    35.4507    35.4470    27.0989    27.0957    1526.29    135.941    137.559         21 0.0000e+00
      30798   1283.208    833.810    841.000    11.2537    11.2552   4.010858   4.010628     1.5640     1.5786   26.50170  -73.86680   -0.00107   -0.00135    3.12194    3.15940    11.1450    11.1465    35.4498    35.4461    27.0994    27.0963    1526.26    135.781    137.411         28 0.0000e+00
      30826   1284.389    834.799    842.000    11.2487    11.2489   4.010351   4.009971     1.5630     1.5769   26.50170  -73.86680   -0.00098   -0.00149    3.11947    3.15588    11.1399    11.1401    35.4491    35.4452    27.0998    27.0967    1526.24    135.674    137.257         27 0.0000e+00
      30853   1285.483    835.789    843.000    11.2410    11.2427   4.009578   4.009362     1.5615     1.5755   26.50170  -73.86680   -0.00106   -0.00139    3.11666    3.15418    11.1321    11.1338    35.4484    35.4447    27.1007    27.0975    1526.22    135.552    137.184         26 0.0000e+00
      30877   1286.507    836.778    844.000    11.2382    11.2369   4.009299   4.008767     1.5608     1.5744   26.50170  -73.86680   -0.00106   -0.00133    3.11392    3.15331    11.1292    11.1278    35.4479    35.4440    27.1009    27.0981    1526.20    135.433    137.146         23 0.0000e+00
      30899   1287.403    837.768    845.000    11.2236    11.2251   4.007688   4.007481     1.5599     1.5741   26.50170  -73.86682   -0.00098   -0.00116    3.11167    3.15482    11.1145    11.1160    35.4456    35.4421    27.1017    27.0987    1526.18    135.335    137.212         20 0.0000e+00
      30917   1288.167    838.757    846.000    11.2111    11.2124   4.006332   4.006130     1.5586     1.5737   26.50170  -73.86682   -0.00105   -0.00091    3.10829    3.15500    11.1019    11.1033    35.4436    35.4404    27.1025    27.0997    1526.16    135.189    137.220         17 0.0000e+00
      30934   1288.892    839.747    847.000    11.1889    11.1897   4.003901   4.003644     1.5578     1.5730   26.50170  -73.86681   -0.00109   -0.00072    3.10810    3.15443    11.0797    11.0806    35.4404    35.4370    27.1041    27.1013    1526.14    135.181    137.196         18 0.0000e+00
      30954   1289.715    840.736    848.000    11.1753    11.1771   4.002491   4.002320     1.5566     1.5724   26.50171  -73.86680   -0.00124   -0.00062    3.10693    3.15320    11.0661    11.0679    35.4390    35.4356    27.1055    27.1025    1526.12    135.131    137.143         23 0.0000e+00
      30997   1291.486    841.726    849.000    11.1721    11.1766   4.002153   4.002192     1.5551     1.5708   26.50172  -73.86681   -0.00119   -0.00078    3.10669    3.14802    11.0628    11.0673    35.4382    35.4343    27.1055    27.1016    1526.10    135.120    136.918         38 0.0000e+00
      31034   1293.022    842.715    850.000    11.1463    11.1408   3.999258   3.998339     1.5538     1.5693   26.50172  -73.86682   -0.00092   -0.00088    3.10640    3.14450    11.0370    11.0315    35.4338    35.4300    27.1067    27.1048    1526.08    135.109    136.765         20 0.0000e+00
      31050   1293.705    843.704    851.000    11.1093    11.1105   3.995282   3.995063     1.5535     1.5682   26.50172  -73.86682   -0.00082   -0.00100    3.10706    3.14334    11.0001    11.0013    35.4294    35.4260    27.1100    27.1072    1526.05    135.138    136.716         15 0.0000e+00
      31065   1294.319    844.694    852.000    11.0870    11.0876   3.992871   3.992593     1.5529     1.5675   26.50172  -73.86682   -0.00074   -0.00109    3.10570    3.14270    10.9778    10.9784    35.4263    35.4229    27.1118    27.1090    1526.03    135.079    136.689         14 0.0000e+00
      31079   1294.933    845.683    853.000    11.0742    11.0757   3.991541   3.991311     1.5524     1.5670   26.50172  -73.86680   -0.00072   -0.00112    3.10357    3.14209    10.9650    10.9664    35.4249    35.4212    27.1129    27.1098    1526.01    134.987    136.663         16 0.0000e+00
      31098   1295.707    846.673    854.000    11.0613    11.0624   3.990144   3.989898     1.5510     1.5656   26.50172  -73.86680   -0.00081   -0.00124    3.10032    3.13917    10.9520    10.9531    35.4230    35.4195    27.1138    27.1109    1526.00    134.846    136.536         24 0.0000e+00
      31168   1298.618    847.662    855.000    11.0974    11.0997   3.994082   3.994036     1.5482     1.5625   26.50174  -73.86682   -0.00119   -0.00136    3.09672    3.13206    10.9877    10.9900    35.4271    35.4245    27.1105    27.1081    1525.97    134.689    136.226         32 0.0000e+00
      31190   1299.552    848.652    856.000    11.0539    11.0520   3.989111   3.988745     1.5474     1.5618   26.50174  -73.86682   -0.00090   -0.00095    3.09900    3.13396    10.9444    10.9425    35.4190    35.4171    27.1121    27.1110    1525.95    134.789    136.310         17 0.0000e+00
      31206   1300.208    849.641    857.000    11.0255    11.0270   3.986432   3.986238     1.5472     1.5615   26.50174  -73.86682   -0.00072   -0.00075    3.10008    3.13448    10.9160    10.9175    35.4191    35.4157    27.1173    27.1144    1525.93    134.837    136.333         15 0.0000e+00
      31221   1300.826    850.630    858.000    11.0134    11.0145   3.985072   3.984814     1.5472     1.5608   26.50174  -73.86682   -0.00060   -0.00064    3.09966    3.13260    10.9039    10.9050    35.4167    35.4132    27.1176    27.1147    1525.91    134.819    136.252         15 0.0000e+00
      31236   1301.447    851.619    859.000    10.9937    10.9950   3.982907   3.982706     1.5467     1.5604   26.50174  -73.86682   -0.00055   -0.00066    3.09728    3.13236    10.8842    10.8855    35.4136    35.4104    27.1189    27.1161    1525.89    134.716    136.242         15 0.0000e+00
      31252   1302.124    852.609    860.000    10.9700    10.9703   3.980261   3.979946     1.5460     1.5595   26.50174  -73.86682   -0.00056   -0.00081    3.09435    3.13095    10.8605    10.8608    35.4096    35.4062    27.1200    27.1173    1525.86    134.589    136.181         18 0.0000e+00
      31273   1302.986    853.599    861.000    10.9251    10.9254   3.975430   3.975112     1.5444     1.5586   26.50174  -73.86682   -0.00071   -0.00093    3.09134    3.13072    10.8157    10.8160    35.4041    35.4006    27.1238    27.1211    1525.84    134.459    136.173         24 0.0000e+00
      31300   1304.144    854.588    862.000    10.8860    10.8871   3.971284   3.971031     1.5426     1.5567   26.50174  -73.86682   -0.00126   -0.00114    3.08993    3.12820    10.7767    10.7778    35.3998    35.3962    27.1275    27.1245    1525.82    134.399    136.064         29 0.0000e+00
      31326   1305.229    855.577    863.000    10.8728    10.8744   3.969922   3.969718     1.5417     1.5552   26.50174  -73.86682   -0.00145   -0.00136    3.09046    3.12619    10.7635    10.7651    35.3985    35.3949    27.1288    27.1257    1525.81    134.423    135.977         24 0.0000e+00
