data/raw_ctdprof/AB1403_profile_019.cnv
* Sea-Bird SBE 9 Data File:
* FileName = C:\CTD\2014Data\03 - 2014 March\AE1404\data\ab1403_019.hex
* Software Version Seasave V 7.22.5
* Temperature SN = 5898
* Conductivity SN = 3861
* Number of Bytes Per Scan = 41
* Number of Voltage Words = 4
* Number of Scans Averaged by the Deck Unit = 1
* NMEA Latitude = 26 29.90 N
* NMEA Longitude = 073 52.03 W
* NMEA UTC (Time) = Mar 21 2014  12:19:31
* NMEA baud rate = 4800
# nquan = 27
# nvalues = 9609                        
# units = specified
# name 0 = scan: Scan Count
# name 1 = timeS: Time, Elapsed [seconds]
# name 2 = depSM: Depth [salt water, m]
# name 3 = prDM: Pressure, Digiquartz [db]
# name 4 = t090C: Temperature [ITS-90, deg C]
# name 5 = t190C: Temperature, 2 [ITS-90, deg C]
# name 6 = c0S/m: Conductivity [S/m]
# name 7 = c1S/m: Conductivity, 2 [S/m]
# name 8 = sbeox0V: Oxygen raw, SBE 43 [V]
# name 9 = sbeox1V: Oxygen raw, SBE 43, 2 [V]
# name 10 = latitude: Latitude [deg]
# name 11 = longitude: Longitude [deg]
# name 12 = sbeox0dOV/dT: Oxygen, SBE 43 [dov/dt]
# name 13 = sbeox1dOV/dT: Oxygen, SBE 43, 2 [dov/dt]
# name 14 = sbeox0ML/L: Oxygen, SBE 43 [ml/l]
# name 15 = sbeox1ML/L: Oxygen, SBE 43, 2 [ml/l]
# name 16 = potemp090C: Potential Temperature [ITS-90, deg C]
# name 17 = potemp190C: Potential Temperature, 2 [ITS-90, deg C]
# name 18 = sal00: Salinity, Practical [PSU]
# name 19 = sal11: Salinity, Practical, 2 [PSU]
# name 20 = sigma-é00: Density [sigma-theta, Kg/m^3]
# name 21 = sigma-é11: Density, 2 [sigma-theta, Kg/m^3]
# name 22 = avgsvCM: Average Sound Velocity [Chen-Millero, m/s]
# name 23 = sbeox0Mm/Kg: Oxygen, SBE 43 [umol/Kg]
# name 24 = sbeox1Mm/Kg: Oxygen, SBE 43, 2 [umol/Kg]
# name 25 = nbin: Scans Per Bin
# name 26 = flag:
# span 0 =       5325,     319836       
# span 1 =    221.831,  13326.439       
# span 2 =      0.993,   4722.391       
# span 3 =      1.000,   4807.000       
# span 4 =     2.1488,    25.0900       
# span 5 =     2.1499,    25.0907       
# span 6 =   3.248342,   5.540837       
# span 7 =   3.248145,   5.540674       
# span 8 =     1.3803,     2.7662       
# span 9 =     1.3908,     2.7585       
# span 10 =   26.49923,   26.51256      
# span 11 =  -73.87546,  -73.86666      
# span 12 =   -0.02075,    0.01426      
# span 13 =   -0.01932,    0.01370      
# span 14 =    3.04261,    5.84702      
# span 15 =    3.08929,    5.86180      
# span 16 =     1.7153,    25.0898      
# span 17 =     1.7165,    25.0905      
# span 18 =    34.8715,    36.7287      
# span 19 =    34.8678,    36.7281      
# span 20 =    24.5055,    27.8937      
# span 21 =    24.5662,    27.8908      
# span 22 =       0.00,    1586.81      
# span 23 =    132.375,    254.867      
# span 24 =    134.406,    255.511      
# span 25 =          9,         69      
# span 26 = 0.0000e+00, 0.0000e+00      
# interval = decibars: 1                
# start_time = Mar 21 2014 12:19:31 [NMEA time, header]
# bad_flag = -9.990e-29
*END*
[from data line 5692]
     169047   7043.577   3855.780   3917.000     2.2803     2.2816   3.252664   3.252499     1.5432     1.5497   26.50370  -73.87153    0.00007    0.00016    5.77581    5.79429     1.9476     1.9488    34.8949    34.8916    27.8917    27.8889    1514.10    251.783    252.588         17 0.0000e+00
     169065   7044.333   3854.804   3916.000     2.2809     2.2818   3.252683   3.252487     1.5438     1.5499   26.50370  -73.87154    0.00008    0.00018    5.77935    5.79306     1.9483     1.9492    34.8949    34.8916    27.8917    27.8889    1514.10    251.937    252.535         20 0.0000e+00
     169122   7046.690   3853.828   3915.000     2.2805     2.2814   3.252614   3.252419     1.5441     1.5502   26.50370  -73.87154    0.00015    0.00015    5.77586    5.79272     1.9480     1.9489    34.8949    34.8916    27.8917    27.8890    1514.10    251.785    252.520         39 0.0000e+00
     169175   7048.920   3852.853   3914.000     2.2802     2.2811   3.252560   3.252341     1.5444     1.5504   26.50370  -73.87155    0.00007    0.00007    5.77512    5.79102     1.9479     1.9487    34.8950    34.8914    27.8918    27.8888    1514.10    251.753    252.446         20 0.0000e+00
     169193   7049.651   3851.877   3913.000     2.2808     2.2817   3.252571   3.252375     1.5445     1.5504   26.50370  -73.87156    0.00007    0.00008    5.78120    5.79126     1.9486     1.9495    34.8949    34.8916    27.8916    27.8889    1514.10    252.018    252.456         18 0.0000e+00
     169212   7050.475   3850.901   3912.000     2.2811     2.2821   3.252566   3.252374     1.5445     1.5504   26.50370  -73.87156    0.00010    0.00003    5.78404    5.79123     1.9489     1.9499    34.8950    34.8916    27.8917    27.8889    1514.10    252.142    252.455         23 0.0000e+00
     169256   7052.299   3849.926   3911.000     2.2810     2.2820   3.252518   3.252343     1.5450     1.5509   26.50370  -73.87156    0.00022    0.00011    5.78869    5.79391     1.9489     1.9500    34.8950    34.8918    27.8916    27.8890    1514.10    252.344    252.572         38 0.0000e+00
     169315   7054.763   3848.950   3910.000     2.2809     2.2818   3.252479   3.252271 -9.990e-29     1.5508   26.50370  -73.87156    0.00024    0.00014 -9.990e-29    5.79469     1.9490     1.9499    34.8950    34.8916    27.8917    27.8888    1514.10 -9.990e-29    252.605         23 0.0000e+00
     169332   7055.460   3847.974   3909.000     2.2810     2.2820   3.252468   3.252267 -9.990e-29     1.5510   26.50370  -73.87156    0.00009    0.00003 -9.990e-29    5.79548     1.9492     1.9502    34.8951    34.8916    27.8917    27.8889    1514.10 -9.990e-29    252.640         17 0.0000e+00
     169348   7056.110   3846.999   3908.000     2.2813     2.2822   3.252460   3.252255 -9.990e-29     1.5515   26.50370  -73.87158    0.00003    0.00009 -9.990e-29    5.79717     1.9495     1.9505    34.8952    34.8918    27.8918    27.8889    1514.10 -9.990e-29    252.714         15 0.0000e+00
     169363   7056.748   3846.023   3907.000     2.2814     2.2823   3.252419   3.252230 -9.990e-29     1.5517   26.50370  -73.87158    0.00004    0.00022 -9.990e-29    5.79858     1.9497     1.9507    34.8950    34.8918    27.8916    27.8889    1514.10 -9.990e-29    252.775         15 0.0000e+00
     169380   7057.445   3845.048   3906.000     2.2813     2.2823   3.252383   3.252183     1.5458     1.5517   26.50370  -73.87158    0.00005    0.00022    5.78941    5.79621     1.9498     1.9508    34.8951    34.8916    27.8916    27.8888    1514.10    252.375    252.672         19 0.0000e+00
     169414   7058.894   3844.072   3905.000     2.2812     2.2822   3.252340   3.252136     1.5460     1.5517   26.50370  -73.87158    0.00009    0.00022    5.78568    5.79166     1.9498     1.9508    34.8951    34.8916    27.8917    27.8888    1514.10    252.213    252.474         34 0.0000e+00
     169524   7063.473   3843.096   3904.000     2.2810     2.2818   3.252283   3.252074     1.5466     1.5522 -9.990e-29  -73.87158    0.00005    0.00009    5.76784    5.79605     1.9498     1.9506    34.8950    34.8917    27.8916    27.8889    1514.10    251.436    252.665         28 0.0000e+00
     169543   7064.245   3842.121   3903.000     2.2810     2.2820   3.252253   3.252043     1.5463     1.5523 -9.990e-29  -73.87158   -0.00001    0.00014    5.77011    5.79464     1.9499     1.9508    34.8951    34.8916    27.8916    27.8887    1514.10    251.534    252.604         22 0.0000e+00
     169564   7065.137   3841.145   3902.000     2.2810     2.2819   3.252217   3.252018     1.5463     1.5522 -9.990e-29  -73.87158   -0.00004    0.00012    5.77177    5.79470     1.9500     1.9508    34.8951    34.8918    27.8916    27.8889    1514.10    251.606    252.606         21 0.0000e+00
     169586   7066.026   3840.169   3901.000     2.2812     2.2820   3.252201   3.251988     1.5466     1.5522   26.50372  -73.87158   -0.00004    0.00008    5.77777    5.79636     1.9502     1.9511    34.8951    34.8917    27.8917    27.8889    1514.10    251.868    252.678         22 0.0000e+00
     169607   7066.936   3839.194   3900.000     2.2811     2.2820   3.252154   3.251950     1.5466     1.5528   26.50373  -73.87158    0.00002    0.00012    5.78071    5.79837     1.9502     1.9511    34.8951    34.8917    27.8916    27.8889    1514.10    251.996    252.766         22 0.0000e+00
     169630   7067.880   3838.218   3899.000     2.2810     2.2819   3.252107   3.251918     1.5469     1.5530   26.50374  -73.87158    0.00014    0.00018    5.77888    5.79836     1.9503     1.9512    34.8950    34.8918    27.8916    27.8889    1514.10    251.916    252.766         23 0.0000e+00
     169655   7068.896   3837.242   3898.000     2.2809     2.2818   3.252068   3.251876     1.5470     1.5530   26.50374  -73.87159    0.00021    0.00022    5.77664    5.79731     1.9503     1.9512    34.8951    34.8918    27.8916    27.8889    1514.10    251.819    252.720         25 0.0000e+00
     169681   7070.010   3836.266   3897.000     2.2808     2.2817   3.252023   3.251824     1.5471     1.5531   26.50374  -73.87160    0.00013    0.00017    5.77502    5.79602     1.9504     1.9512    34.8950    34.8917    27.8916    27.8889    1514.10    251.748    252.664         28 0.0000e+00
     169711   7071.247   3835.291   3896.000     2.2807     2.2816   3.251975   3.251772     1.5472     1.5533   26.50374  -73.87162    0.00009    0.00015    5.77959    5.79554     1.9503     1.9512    34.8950    34.8917    27.8916    27.8888    1514.10    251.947    252.643         32 0.0000e+00
     169787   7074.411   3834.315   3895.000     2.2806     2.2815   3.251928   3.251732     1.5475     1.5535   26.50374  -73.87161    0.00006    0.00008    5.77798    5.79554     1.9503     1.9513    34.8950    34.8917    27.8916    27.8888    1514.10    251.877    252.643         44 0.0000e+00
     169875   7078.100   3833.339   3894.000     2.2806     2.2816   3.251905   3.251693     1.5480     1.5537   26.50374  -73.87160   -0.00002   -0.00004    5.76909    5.79865     1.9505     1.9514    34.8951    34.8915    27.8916    27.8887    1514.10    251.490    252.778         20 0.0000e+00
     169890   7078.711   3832.364   3893.000     2.2807     2.2816   3.251870   3.251675     1.5478     1.5538   26.50374  -73.87160   -0.00002    0.00011    5.76999    5.79669     1.9506     1.9516    34.8950    34.8917    27.8916    27.8888    1514.10    251.529    252.693         15 0.0000e+00
     169904   7079.296   3831.388   3892.000     2.2807     2.2817   3.251836   3.251661     1.5480     1.5538   26.50374  -73.87160   -0.00005    0.00024    5.77380    5.79652     1.9508     1.9517    34.8950    34.8919    27.8915    27.8890    1514.10    251.695    252.685         13 0.0000e+00
     169917   7079.839   3830.412   3891.000     2.2807     2.2816   3.251810   3.251616     1.5478     1.5539   26.50374  -73.87161   -0.00005    0.00018    5.77268    5.79660     1.9509     1.9518    34.8951    34.8918    27.8916    27.8889    1514.10    251.646    252.689         13 0.0000e+00
     169930   7080.378   3829.436   3890.000     2.2809     2.2818   3.251790   3.251582     1.5480     1.5538   26.50374  -73.87162   -0.00003    0.00014    5.77630    5.79544     1.9512     1.9521    34.8951    34.8917    27.8916    27.8888    1514.10    251.804    252.639         13 0.0000e+00
     169944   7080.964   3828.461   3889.000     2.2809     2.2819   3.251751   3.251569     1.5480     1.5540   26.50374  -73.87162    0.00003    0.00018    5.77695    5.79622     1.9513     1.9523    34.8951    34.8918    27.8915    27.8888    1514.10    251.832    252.672         15 0.0000e+00
     169962   7081.718   3827.485   3888.000     2.2809     2.2819   3.251720   3.251531     1.5481     1.5542   26.50374  -73.87162    0.00005    0.00011    5.77742    5.79530     1.9515     1.9524    34.8951    34.8918    27.8915    27.8888    1514.10    251.853    252.632         23 0.0000e+00
     170060   7085.806   3826.509   3887.000     2.2810     2.2819   3.251696   3.251494     1.5486     1.5547   26.50372  -73.87161    0.00013    0.00005    5.77448    5.79527     1.9516     1.9525    34.8952    34.8918    27.8916    27.8888    1514.10    251.725    252.631         32 0.0000e+00
     170102   7087.561   3825.533   3886.000     2.2807     2.2817   3.251637   3.251436     1.5489     1.5547   26.50373  -73.87162    0.00007    0.00007    5.77730    5.79653     1.9515     1.9525    34.8951    34.8916    27.8915    27.8887    1514.10    251.848    252.686         23 0.0000e+00
     170127   7088.591   3824.558   3885.000     2.2809     2.2815   3.251613   3.251394     1.5488     1.5547   26.50374  -73.87162    0.00003    0.00004    5.78191    5.79390     1.9517     1.9524    34.8951    34.8918    27.8915    27.8888    1514.10    252.049    252.571         26 0.0000e+00
     170158   7089.896   3823.582   3884.000     2.2808     2.2819   3.251575   3.251395     1.5493     1.5550   26.50374  -73.87162    0.00014    0.00013    5.78404    5.79407     1.9518     1.9529    34.8952    34.8918    27.8916    27.8888    1514.10    252.141    252.579         37 0.0000e+00
     170202   7091.697   3822.606   3883.000     2.2804     2.2814   3.251508   3.251314     1.5495     1.5549   26.50374  -73.87160    0.00022    0.00006    5.77662    5.79322     1.9516     1.9525    34.8951    34.8918    27.8916    27.8888    1514.10    251.818    252.542         43 0.0000e+00
     170234   7093.062   3821.630   3882.000     2.2808     2.2818   3.251509   3.251307     1.5496     1.5550   26.50374  -73.87160    0.00015    0.00001    5.77298    5.79689     1.9520     1.9530    34.8952    34.8917    27.8916    27.8887    1514.10    251.659    252.702         25 0.0000e+00
     170257   7093.998   3820.655   3881.000     2.2810     2.2820   3.251487   3.251302     1.5495     1.5553   26.50374  -73.87162    0.00003    0.00011    5.77057    5.79790     1.9523     1.9533    34.8952    34.8919    27.8915    27.8888    1514.10    251.554    252.746         21 0.0000e+00
     170277   7094.843   3819.679   3880.000     2.2812     2.2824   3.251474   3.251312     1.5496     1.5556   26.50374  -73.87162    0.00002    0.00015    5.77448    5.80079     1.9526     1.9539    34.8952    34.8919    27.8915    27.8888    1514.10    251.725    252.872         20 0.0000e+00
     170299   7095.741   3818.703   3879.000     2.2813     2.2826   3.251458   3.251290     1.5496     1.5554   26.50374  -73.87162   -0.00001    0.00018    5.78043    5.79740     1.9529     1.9541    34.8953    34.8919    27.8916    27.8888    1514.10    251.984    252.724         24 0.0000e+00
     170359   7098.236   3817.727   3878.000     2.2812     2.2824   3.251411   3.251238     1.5501     1.5559   26.50374  -73.87162    0.00008    0.00013    5.78091    5.79717     1.9529     1.9540    34.8952    34.8920    27.8915    27.8888    1514.10    252.005    252.714         40 0.0000e+00
     170434   7101.364   3816.752   3877.000     2.2811     2.2823   3.251365   3.251178     1.5505     1.5562   26.50374  -73.87162    0.00006   -0.00002    5.77778    5.79952     1.9529     1.9541    34.8952    34.8917    27.8916    27.8886    1514.10    251.869    252.816         23 0.0000e+00
     170454   7102.193   3815.776   3876.000     2.2816     2.2823   3.251379   3.251161     1.5506     1.5566   26.50376  -73.87162    0.00005    0.00011    5.77749    5.80151     1.9534     1.9541    34.8953    34.8920    27.8916    27.8888    1514.10    251.856    252.903         21 0.0000e+00
     170476   7103.113   3814.800   3875.000     2.2820     2.2829   3.251374   3.251178     1.5507     1.5564   26.50376  -73.87162    0.00009    0.00020    5.77901    5.79735     1.9539     1.9548    34.8953    34.8920    27.8915    27.8888    1514.10    251.922    252.722         23 0.0000e+00
     170505   7104.330   3813.824   3874.000     2.2821     2.2835   3.251349   3.251210     1.5507     1.5567   26.50376  -73.87162    0.00008    0.00022    5.77847    5.79501     1.9542     1.9556    34.8952    34.8921    27.8914    27.8888    1514.10    251.898    252.620         37 0.0000e+00
     170545   7105.988   3812.848   3873.000     2.2819     2.2834   3.251302   3.251158     1.5510     1.5564   26.50376  -73.87162    0.00012   -0.00000    5.78076    5.79603     1.9541     1.9556    34.8953    34.8920    27.8915    27.8888    1514.10    251.999    252.664         36 0.0000e+00
     170573   7107.149   3811.872   3872.000     2.2829     2.2841   3.251359   3.251193     1.5512     1.5569   26.50376  -73.87162    0.00013    0.00004    5.77918    5.79931     1.9552     1.9564    34.8954    34.8921    27.8915    27.8887    1514.10    251.930    252.807         23 0.0000e+00
     170594   7108.025   3810.897   3871.000     2.2836     2.2846   3.251398   3.251215     1.5511     1.5573   26.50376  -73.87162    0.00015    0.00014    5.77791    5.80147     1.9560     1.9570    34.8955    34.8923    27.8915    27.8888    1514.10    251.874    252.901         20 0.0000e+00
     170615   7108.925   3809.921   3870.000     2.2839     2.2850   3.251388   3.251204     1.5513     1.5571   26.50376  -73.87162    0.00009    0.00021    5.77556    5.79628     1.9564     1.9575    34.8955    34.8922    27.8914    27.8887    1514.10    251.772    252.675         24 0.0000e+00
     170676   7111.439   3808.945   3869.000     2.2835     2.2847   3.251314   3.251157     1.5516     1.5572   26.50377  -73.87163    0.00014    0.00010    5.77510    5.79580     1.9561     1.9573    34.8955    34.8923    27.8915    27.8888    1514.10    251.752    252.654         44 0.0000e+00
     170757   7114.817   3807.969   3868.000     2.2834     2.2848   3.251272   3.251106     1.5517     1.5577   26.50378  -73.87162    0.00013    0.00003    5.77231    5.80039     1.9561     1.9575    34.8955    34.8920    27.8915    27.8886    1514.10    251.630    252.854         23 0.0000e+00
     170775   7115.584   3806.993   3867.000     2.2844     2.2853   3.251323   3.251121     1.5517     1.5577   26.50378  -73.87162    0.00010    0.00011    5.77893    5.80100     1.9572     1.9581    34.8955    34.8921    27.8914    27.8886    1514.10    251.918    252.881         17 0.0000e+00
     170792   7116.284   3806.017   3866.000     2.2874     2.2886   3.251574   3.251396     1.5515     1.5580   26.50378  -73.87162   -0.00003    0.00019    5.78414    5.80258     1.9602     1.9614    34.8958    34.8923    27.8914    27.8885    1514.10    252.145    252.949         16 0.0000e+00
