data/raw_ctdprof/AB1403_profile_019.cnv
* Sea-Bird SBE 9 Data File:
* FileName = C:\CTD\2014Data\03 - 2014 March\AE1404\data\ab1403_019.hex
* Software Version Seasave V 7.22.5
* Temperature SN = 5898
* Conductivity SN = 3861
* Number of Bytes Per Scan = 41
* Number of Voltage Words = 4
* Number of Scans Averaged by the Deck Unit = 1
* NMEA Latitude = 26 29.90 N
* NMEA Longitude = 073 52.03 W
* NMEA UTC (Time) = Mar 21 2014  12:19:31
* NMEA baud rate = 4800
# nquan = 27
# nvalues = 9609                        
# units = specified
# name 0 = scan: Scan Count
# name 1 = timeS: Time, Elapsed [seconds]
# name 2 = depSM: Depth [salt water, m]
# name 3 = prDM: Pressure, Digiquartz [db]
# name 4 = t090C: Temperature [ITS-90, deg C]
# name 5 = t190C: Temperature, 2 [ITS-90, deg C]
# name 6 = c0S/m: Conductivity [S/m]
# name 7 = c1S/m: Conductivity, 2 [S/m]
# name 8 = sbeox0V: Oxygen raw, SBE 43 [V]
# name 9 = sbeox1V: Oxygen raw, SBE 43, 2 [V]
# name 10 = latitude: Latitude [deg]
# name 11 = longitude: Longitude [deg]
# name 12 = sbeox0dOV/dT: Oxygen, SBE 43 [dov/dt]
# name 13 = sbeox1dOV/dT: Oxygen, SBE 43, 2 [dov/dt]
# name 14 = sbeox0ML/L: Oxygen, SBE 43 [ml/l]
# name 15 = sbeox1ML/L: Oxygen, SBE 43, 2 [ml/l]
# name 16 = potemp090C: Potential Temperature [ITS-90, deg C]
# name 17 = potemp190C: Potential Temperature, 2 [ITS-90, deg C]
# name 18 = sal00: Salinity, Practical [PSU]
# name 19 = sal11: Salinity, Practical, 2 [PSU]
# name 20 = sigma-é00: Density [sigma-theta, Kg/m^3]
# name 21 = sigma-é11: Density, 2 [sigma-theta, Kg/m^3]
# name 22 = avgsvCM: Average Sound Velocity [Chen-Millero, m/s]
# name 23 = sbeox0Mm/Kg: Oxygen, SBE 43 [umol/Kg]
# name 24 = sbeox1Mm/Kg: Oxygen, SBE 43, 2 [umol/Kg]
# name 25 = nbin: Scans Per Bin
# name 26 = flag:
# span 0 =       5325,     319836       
# span 1 =    221.831,  13326.439       
# span 2 =      0.993,   4722.391       
# span 3 =      1.000,   4807.000       
# span 4 =     2.1488,    25.0900       
# span 5 =     2.1499,    25.0907       
# span 6 =   3.248342,   5.540837       
# span 7 =   3.248145,   5.540674       
# span 8 =     1.3803,     2.7662       
# span 9 =     1.3908,     2.7585       
# span 10 =   26.49923,   26.51256      
# span 11 =  -73.87546,  -73.86666      
# span 12 =   -0.02075,    0.01426      
# span 13 =   -0.01932,    0.01370      
# span 14 =    3.04261,    5.84702      
# span 15 =    3.08929,    5.86180      
# span 16 =     1.7153,    25.0898      
# span 17 =     1.7165,    25.0905      
# span 18 =    34.8715,    36.7287      
# span 19 =    34.8678,    36.7281      
# span 20 =    24.5055,    27.8937      
# span 21 =    24.5662,    27.8908      
# span 22 =       0.00,    1586.81      
# span 23 =    132.375,    254.867      
# span 24 =    134.406,    255.511      
# span 25 =          9,         69      
# span 26 = 0.0000e+00, 0.0000e+00      
# interval = decibars: 1                
# start_time = Mar 21 2014 12:19:31 [NMEA time, header]
# bad_flag = -9.990e-29
*END*
[from data line 8591]
     267609  11150.348   1008.870   1018.000     7.8758     7.8876   3.663880   3.664896     1.5414     1.5580   26.51010 -9.990e-29   -0.00028   -0.00015    3.37629    3.42766     7.7682     7.7799    35.0986    35.0977    27.3860    27.3836    1514.10    146.952    149.188         19 0.0000e+00
     267649  11151.981   1007.882   1017.000     7.8605     7.8690   3.662306   3.663043     1.5387     1.5553   26.51010  -73.87490   -0.00126   -0.00120    3.37092    3.42079     7.7531     7.7616    35.0975    35.0969    27.3874    27.3856    1514.10    146.718    148.889         37 0.0000e+00
     267700  11154.110   1006.893   1016.000     7.8612     7.8616   3.662378   3.662231     1.5362     1.5529   26.51010  -73.87490   -0.00141   -0.00161    3.37451    3.42077     7.7539     7.7543    35.0980    35.0961    27.3877    27.3861    1514.10    146.875    148.888         25 0.0000e+00
     267720  11154.942   1005.904   1015.000     7.8970     7.8843   3.665894   3.664356     1.5357     1.5531   26.51010  -73.87491   -0.00117   -0.00106    3.37276    3.41971     7.7895     7.7770    35.1005    35.0966    27.3843    27.3831    1514.10    146.797    148.841         20 0.0000e+00
     267741  11155.840   1004.915   1014.000     7.9240     7.9205   3.668412   3.667972     1.5363     1.5531   26.51010  -73.87492   -0.00085   -0.00054    3.37224    3.41580     7.8165     7.8130    35.1009    35.0997    27.3806    27.3802    1514.10    146.774    148.670         24 0.0000e+00
     267777  11157.320   1003.927   1013.000     7.9220     7.9276   3.668194   3.668611     1.5351     1.5520   26.51010  -73.87491   -0.00033   -0.00025    3.36335    3.40897     7.8146     7.8201    35.1010    35.1000    27.3810    27.3794    1514.10    146.387    148.373         49 0.0000e+00
     267817  11159.005   1002.938   1012.000     7.9194     7.9309   3.667903   3.668827     1.5332     1.5507   26.51010  -73.87490   -0.00076   -0.00073    3.35826    3.40481     7.8121     7.8236    35.1010    35.0994    27.3814    27.3784    1514.10    146.165    148.191         25 0.0000e+00
     267836  11159.791   1001.949   1011.000     7.9554     7.9500   3.671295   3.670642     1.5332     1.5501   26.51009  -73.87490   -0.00102   -0.00085    3.35504    3.40053     7.8480     7.8426    35.1018    35.1002    27.3766    27.3762    1514.10    146.024    148.004         16 0.0000e+00
     267850  11160.394   1000.961   1010.000     7.9690     7.9694   3.672515   3.672390     1.5334     1.5500   26.51008  -73.87490   -0.00084   -0.00079    3.35166    3.39820     7.8616     7.8620    35.1018    35.1000    27.3746    27.3732    1514.10    145.877    147.902         14 0.0000e+00
     267863  11160.917    999.972   1009.000     7.9733     7.9746   3.672848   3.672815     1.5335     1.5500   26.51008  -73.87490   -0.00056   -0.00064    3.34760    3.39586     7.8659     7.8672    35.1016    35.0999    27.3738    27.3723    1514.10    145.700    147.800         11 0.0000e+00
     267875  11161.404    998.983   1008.000     7.9787     7.9824   3.673294   3.673479     1.5322     1.5497   26.51008  -73.87490   -0.00042   -0.00055    3.33819    3.39276     7.8715     7.8751    35.1013    35.0996    27.3728    27.3709    1514.10    145.290    147.665         12 0.0000e+00
     267887  11161.898    997.995   1007.000     7.9864     7.9930   3.673969   3.674432     1.5312     1.5493   26.51008  -73.87490   -0.00046   -0.00040    3.32912    3.38802     7.8792     7.8857    35.1014    35.0997    27.3716    27.3694    1514.10    144.896    147.459         12 0.0000e+00
     267900  11162.445    997.006   1006.000     8.0073     8.0128   3.675983   3.676280     1.5302     1.5483   26.51008  -73.87490   -0.00067   -0.00049    3.31902    3.37941     7.9000     7.9055    35.1025    35.1002    27.3694    27.3668    1514.10    144.455    147.084         15 0.0000e+00
     267921  11163.328    996.017   1005.000     8.0188     8.0208   3.677050   3.677118     1.5286     1.5468   26.51010  -73.87490   -0.00115   -0.00079    3.31084    3.36973     7.9116     7.9136    35.1029    35.1016    27.3680    27.3667    1514.10    144.099    146.662         25 0.0000e+00
     268024  11167.643    995.028   1004.000     8.0033     7.9960   3.675471   3.674580     1.5216     1.5389   26.51008  -73.87490   -0.00168   -0.00203    3.30783    3.35595     7.8963     7.8891    35.1020    35.0997    27.3696    27.3689    1514.10    143.968    146.062         19 0.0000e+00
     268039  11168.263    994.040   1003.000     8.0058     8.0019   3.675684   3.675118     1.5214     1.5387   26.51008  -73.87488   -0.00133   -0.00150    3.31109    3.35731     7.8989     7.8950    35.1022    35.1000    27.3693    27.3682    1514.10    144.110    146.122         16 0.0000e+00
     268055  11168.917    993.051   1002.000     8.0197     8.0179   3.676987   3.676590     1.5207     1.5388   26.51008  -73.87488   -0.00108   -0.00103    3.30949    3.35759     7.9128     7.9111    35.1027    35.1003    27.3677    27.3660    1514.10    144.040    146.134         15 0.0000e+00
     268070  11169.548    992.063   1001.000     8.0495     8.0482   3.679756   3.679379     1.5207     1.5392   26.51008  -73.87488   -0.00088   -0.00060    3.30306    3.35535     7.9425     7.9413    35.1031    35.1003    27.3636    27.3616    1514.10    143.759    146.035         15 0.0000e+00
     268086  11170.189    991.074   1000.000     8.0672     8.0655   3.681334   3.681157     1.5211     1.5391   26.51008  -73.87490   -0.00055   -0.00025    3.29516    3.34955     7.9602     7.9585    35.1028    35.1026    27.3606    27.3607    1514.10    143.415    145.782         16 0.0000e+00
     268102  11170.863    990.085    999.000     8.0912     8.0892   3.683635   3.683380     1.5207     1.5392 -9.990e-29  -73.87490   -0.00031   -0.00000    3.28319    3.34180     7.9841     7.9821    35.1039    35.1032    27.3579    27.3577    1514.10    142.893    145.445         17 0.0000e+00
     268120  11171.627    989.096    998.000     8.1053     8.1159   3.684961   3.685871     1.5186     1.5380 -9.990e-29  -73.87489   -0.00044   -0.00004    3.26514    3.32871     7.9982     8.0088    35.1045    35.1036    27.3562    27.3540    1514.10    142.107    144.874         20 0.0000e+00
     268146  11172.715    988.108    997.000     8.0984     8.1139   3.684252   3.685678     1.5151     1.5344 -9.990e-29  -73.87488   -0.00136   -0.00091    3.25009    3.31102     7.9915     8.0069    35.1043    35.1040    27.3571    27.3546    1514.10    141.453    144.104         34 0.0000e+00
     268182  11174.191    987.119    996.000     8.0820     8.1119   3.682692   3.685394     1.5115     1.5297   26.51006  -73.87488   -0.00271   -0.00261    3.25429    3.29881     7.9753     8.0050    35.1044    35.1035    27.3596    27.3545    1514.10    141.636    143.573         30 0.0000e+00
     268206  11175.217    986.130    995.000     8.1375     8.1345   3.688061   3.687623     1.5114     1.5278   26.51006  -73.87488   -0.00241   -0.00297    3.25624    3.29398     8.0305     8.0276    35.1068    35.1051    27.3532    27.3523    1514.10    141.719    143.362         23 0.0000e+00
     268229  11176.180    985.142    994.000     8.1628     8.1555   3.690527   3.689649     1.5106     1.5272   26.51006  -73.87488   -0.00142   -0.00243    3.25042    3.29349     8.0557     8.0485    35.1085    35.1063    27.3507    27.3501    1514.10    141.465    143.340         25 0.0000e+00
     268262  11177.525    984.153    993.000     8.1598     8.1579   3.690155   3.689777     1.5084     1.5254   26.51006  -73.87488   -0.00090   -0.00144    3.23998    3.29006     8.0529     8.0510    35.1079    35.1058    27.3507    27.3493    1514.10    141.011    143.190         40 0.0000e+00
     268298  11179.022    983.164    992.000     8.1470     8.1563   3.688969   3.689712     1.5059     1.5240   26.51006  -73.87488   -0.00148   -0.00105    3.24000    3.28886     8.0403     8.0495    35.1085    35.1071    27.3530    27.3506    1514.10    141.012    143.138         26 0.0000e+00
     268318  11179.877    982.175    991.000     8.2058     8.1984   3.694653   3.693807     1.5063     1.5237   26.51006  -73.87488   -0.00148   -0.00100    3.23970    3.28402     8.0988     8.0915    35.1110    35.1093    27.3461    27.3459    1514.10    140.997    142.926         19 0.0000e+00
     268336  11180.628    981.187    990.000     8.2227     8.2206   3.696367   3.695978     1.5061     1.5238   26.51005  -73.87488   -0.00104   -0.00077    3.23643    3.28215     8.1157     8.1136    35.1128    35.1108    27.3450    27.3438    1514.10    140.854    142.844         18 0.0000e+00
     268355  11181.408    980.198    989.000     8.2286     8.2283   3.696901   3.696734     1.5055     1.5233   26.51004  -73.87488   -0.00059   -0.00048    3.22893    3.27801     8.1216     8.1214    35.1132    35.1116    27.3444    27.3432    1514.10    140.528    142.664         20 0.0000e+00
     268381  11182.510    979.209    988.000     8.2271     8.2297   3.696738   3.696838     1.5037     1.5220   26.51004  -73.87487   -0.00057   -0.00047    3.21945    3.27163     8.1203     8.1228    35.1133    35.1118    27.3447    27.3432    1514.10    140.115    142.386         35 0.0000e+00
     268416  11183.959    978.221    987.000     8.2227     8.2218   3.696254   3.696056     1.5017     1.5206   26.51004  -73.87486   -0.00130   -0.00087    3.22010    3.26908     8.1160     8.1151    35.1130    35.1118    27.3451    27.3443    1514.10    140.144    142.275         26 0.0000e+00
     268436  11184.780    977.231    986.000     8.2459     8.2401   3.698540   3.697823     1.5013     1.5198   26.51004  -73.87486   -0.00138   -0.00107    3.22185    3.26650     8.1392     8.1334    35.1147    35.1129    27.3429    27.3424    1514.10    140.219    142.162         18 0.0000e+00
     268452  11185.460    976.243    985.000     8.2778     8.2740   3.701658   3.701086     1.5017     1.5204   26.51004  -73.87486   -0.00109   -0.00093    3.22031    3.26627     8.1710     8.1672    35.1166    35.1143    27.3396    27.3383    1514.10    140.151    142.151         16 0.0000e+00
     268469  11186.171    975.254    984.000     8.2843     8.2887   3.702217   3.702466     1.5017     1.5200   26.51004  -73.87488   -0.00064   -0.00063    3.21643    3.26348     8.1775     8.1819    35.1166    35.1148    27.3386    27.3365    1514.10    139.982    142.029         18 0.0000e+00
     268503  11187.565    974.265    983.000     8.2866     8.2917   3.702459   3.702817     1.5003     1.5192   26.51004  -73.87488   -0.00042   -0.00040    3.20888    3.25702     8.1799     8.1849    35.1173    35.1161    27.3388    27.3371    1514.10    139.653    141.748         35 0.0000e+00
     268561  11189.983    973.276    982.000     8.2760     8.2827   3.701312   3.701834     1.4978     1.5163   26.51004  -73.87486   -0.00120   -0.00106    3.21437    3.24830     8.1695     8.1761    35.1161    35.1150    27.3394    27.3375    1514.10    139.893    141.369         24 0.0000e+00
     268577  11190.670    972.288    981.000     8.2948     8.2936   3.703214   3.702892     1.4987     1.5160   26.51003  -73.87486   -0.00087   -0.00115    3.21908    3.24830     8.1883     8.1871    35.1181    35.1159    27.3381    27.3366    1514.10    140.097    141.369         16 0.0000e+00
     268592  11191.294    971.299    980.000     8.3155     8.3158   3.705262   3.705128     1.4994     1.5165   26.51002 -9.990e-29   -0.00029   -0.00095    3.21955    3.25054     8.2090     8.2092    35.1197    35.1181    27.3362    27.3349    1514.10    140.117    141.465         14 0.0000e+00
     268606  11191.867    970.310    979.000     8.3276     8.3285   3.706456   3.706374     1.4995     1.5161   26.51002 -9.990e-29    0.00009   -0.00071    3.21878    3.24935     8.2211     8.2220    35.1209    35.1191    27.3353    27.3338    1514.10    140.082    141.413         13 0.0000e+00
     268620  11192.450    969.321    978.000     8.3389     8.3417   3.707541   3.707694     1.4994     1.5159   26.51002 -9.990e-29    0.00034   -0.00048    3.21445    3.24828     8.2324     8.2352    35.1216    35.1205    27.3341    27.3328    1514.10    139.894    141.366         15 0.0000e+00
     268636  11193.123    968.333    977.000     8.3539     8.3612   3.709101   3.709666     1.4993     1.5166   26.51002 -9.990e-29    0.00043   -0.00019    3.20852    3.24841     8.2474     8.2546    35.1237    35.1225    27.3335    27.3314    1514.10    139.635    141.371         18 0.0000e+00
     268659  11194.070    967.344    976.000     8.3695     8.3695   3.710672   3.710487     1.4993     1.5169   26.51002 -9.990e-29    0.00024    0.00013    3.20476    3.24679     8.2631     8.2631    35.1253    35.1234    27.3324    27.3308    1514.10    139.471    141.300         30 0.0000e+00
     268700  11195.788    966.355    975.000     8.3698     8.3571   3.710669   3.709185     1.4986     1.5163   26.51002 -9.990e-29   -0.00021    0.00009    3.20252    3.24150     8.2634     8.2508    35.1255    35.1224    27.3324    27.3319    1514.10    139.374    141.070         51 0.0000e+00
     268766  11198.522    965.366    974.000     8.3884     8.3734   3.712543   3.710723     1.4985     1.5156   26.51002  -73.87482   -0.00011   -0.00034    3.20626    3.24207     8.2820     8.2671    35.1274    35.1230    27.3310    27.3299    1514.10    139.536    141.094         37 0.0000e+00
     268793  11199.677    964.377    973.000     8.4052     8.3791   3.714292   3.711317     1.4984     1.5161   26.51002  -73.87482   -0.00001   -0.00013    3.20782    3.24519     8.2989     8.2729    35.1296    35.1241    27.3302    27.3299    1514.10    139.603    141.229         16 0.0000e+00
     268807  11200.264    963.388    972.000     8.4420     8.4341   3.717894   3.716887     1.4992     1.5167   26.51002  -73.87482    0.00005    0.00009    3.20872    3.24482     8.3355     8.3276    35.1317    35.1289    27.3262    27.3252    1514.10    139.641    141.212         13 0.0000e+00
     268819  11200.766    962.400    971.000     8.4571     8.4577   3.719394   3.719284     1.4995     1.5173   26.51002  -73.87482    0.00019    0.00034    3.20787    3.24456     8.3506     8.3512    35.1332    35.1314    27.3250    27.3235    1514.10    139.603    141.200         12 0.0000e+00
     268831  11201.250    961.410    970.000     8.4694     8.4742   3.720565   3.720897     1.4999     1.5175   26.51002  -73.87482    0.00033    0.00052    3.20618    3.24283     8.3629     8.3677    35.1337    35.1326    27.3236    27.3219    1514.10    139.529    141.125         11 0.0000e+00
     268843  11201.748    960.422    969.000     8.4861     8.4913   3.722143   3.722475     1.5000     1.5177   26.51002  -73.87481    0.00040    0.00066    3.20101    3.23923     8.3796     8.3848    35.1344    35.1327    27.3215    27.3194    1514.10    139.304    140.968         13 0.0000e+00
     268857  11202.322    959.433    968.000     8.5072     8.5147   3.724179   3.724771     1.5003     1.5183   26.51002  -73.87480    0.00051    0.00071    3.19482    3.23563     8.4007     8.4081    35.1355    35.1343    27.3191    27.3170    1514.10    139.035    140.810         15 0.0000e+00
     268878  11203.214    958.444    967.000     8.5030     8.5264   3.723797   3.725922     1.4997     1.5177   26.51002  -73.87480    0.00048    0.00061    3.18638    3.22775     8.3966     8.4199    35.1360    35.1353    27.3201    27.3160    1514.10    138.667    140.467         31 0.0000e+00
     268952  11206.285    957.455    966.000     8.5098     8.5103   3.724356   3.724277     1.4969     1.5134   26.51002  -73.87480   -0.00092   -0.00139    3.17693    3.21518     8.4035     8.4040    35.1356    35.1344    27.3188    27.3177    1514.10    138.256    139.920         33 0.0000e+00
