data/raw_ctdprof/AB1502_profile_018.cnv
* Sea-Bird SBE 9 Data File:
* FileName = D:\ctd\raw\ab1502_018.hex
* Software Version Seasave V 7.23.2
* Temperature SN = 2958
* Conductivity SN = 3860
* Number of Bytes Per Scan = 41
* Number of Voltage Words = 4
* Number of Scans Averaged by the Deck Unit = 1
* NMEA Latitude = 26 29.86 N
* NMEA Longitude = 075 42.05 W
* NMEA UTC (Time) = Feb 21 2015 03:01:04
# nquan = 23
# nvalues = 4763                        
# units = specified
# name 0 = timeS: Time, Elapsed [seconds]
# name 1 = prDM: Pressure, Digiquartz [db]
# name 2 = t090C: Temperature [ITS-90, deg C]
# name 3 = t190C: Temperature, 2 [ITS-90, deg C]
# name 4 = c0S/m: Conductivity [S/m]
# name 5 = c1S/m: Conductivity, 2 [S/m]
# name 6 = sbeox0V: Oxygen raw, SBE 43 [V]
# name 7 = sbeox1V: Oxygen raw, SBE 43, 2 [V]
# name 8 = altM: Altimeter [m]
# name 9 = depSM: Depth [salt water, m]
# name 10 = sigma-é00: Density [sigma-theta, kg/m^3]
# name 11 = sigma-é11: Density, 2 [sigma-theta, kg/m^3]
# name 12 = potemp090C: Potential Temperature [ITS-90, deg C]
# name 13 = potemp190C: Potential Temperature, 2 [ITS-90, deg C]
# name 14 = svCM: Sound Velocity [Chen-Millero, m/s]
# name 15 = svCM1: Sound Velocity, 2 [Chen-Millero, m/s]
# name 16 = sbeox0ML/L: Oxygen, SBE 43 [ml/l]
# name 17 = sbeox0Mm/Kg: Oxygen, SBE 43 [umol/kg]
# name 18 = sbeox1ML/L: Oxygen, SBE 43, 2 [ml/l]
# name 19 = sbeox1Mm/Kg: Oxygen, SBE 43, 2 [umol/kg]
# name 20 = sal00: Salinity, Practical [PSU]
# name 21 = sal11: Salinity, Practical, 2 [PSU]
# name 22 = flag:
# span 0 =    172.636,   4976.814       
# span 1 =      4.000,   4766.000       
# span 2 =     2.1845,    23.5022       
# span 3 =     2.1831,    23.5014       
# span 4 =   3.240506,   5.374091       
# span 5 =   3.240509,   5.373946       
# span 6 =     1.3303,     2.5556       
# span 7 =     1.4760,     2.8346       
# span 8 =      10.01,     310.17       
# span 9 =      3.974,   4682.541       
# span 10 =    25.0751,    27.8907      
# span 11 =    25.0746,    27.8917      
# span 12 =     1.7551,    23.4991      
# span 13 =     1.7538,    23.4986      
# span 14 =    1490.15,    1539.21      
# span 15 =    1490.15,    1539.21      
# span 16 =     2.9637,     5.7435      
# span 17 =    128.856,    249.547      
# span 18 =     2.9192,     5.7060      
# span 19 =    126.921,    247.916      
# span 20 =    34.8722,    36.7442      
# span 21 =    34.8736,    36.7459      
# span 22 = 0.0000e+00, 0.0000e+00      
# interval = decibars: 1                
# start_time = Feb 21 2015 03:01:04 [NMEA time, header]
# bad_flag = -9.990e-29
*END*
[from data line 1386]
   1648.080   1390.000     4.3470     4.3454   3.347895   3.347962     1.8658     2.0955     275.87   1376.317    27.7613    27.7634     4.2330     4.2314    1491.00    1491.00     5.4755    237.929     5.4172    235.397    34.9998    35.0022 0.0000e+00
   1649.196   1391.000     4.3475     4.3458   3.347988   3.348058     1.8657     2.0951     276.94   1377.304    27.7613    27.7635     4.2334     4.2318    1491.02    1491.01     5.4787    238.069     5.4164    235.360    34.9998    35.0023 0.0000e+00
   1650.404   1392.000     4.3473     4.3457   3.348012   3.348079     1.8659     2.0948     278.63   1378.291    27.7613    27.7635     4.2331     4.2315    1491.03    1491.03     5.4818    238.205     5.4177    235.421    34.9998    35.0023 0.0000e+00
   1651.417   1393.000     4.3457     4.3441   3.347930   3.348006     1.8660     2.0946     279.77   1379.278    27.7616    27.7638     4.2315     4.2299    1491.04    1491.04     5.4839    238.296     5.4197    235.507    35.0000    35.0026 0.0000e+00
   1652.273   1394.000     4.3420     4.3406   3.347611   3.347718     1.8662     2.0945     280.38   1380.265    27.7618    27.7641     4.2277     4.2263    1491.05    1491.04     5.4857    238.374     5.4207    235.550    34.9997    35.0024 0.0000e+00
   1653.085   1395.000     4.3388     4.3373   3.347361   3.347440     1.8663     2.0944     280.41   1381.252    27.7621    27.7643     4.2245     4.2229    1491.05    1491.05     5.4870    238.429     5.4202    235.527    34.9996    35.0022 0.0000e+00
   1653.973   1396.000     4.3367     4.3351   3.347194   3.347263     1.8664     2.0942     279.87   1382.239    27.7621    27.7643     4.2223     4.2207    1491.06    1491.05     5.4874    238.449     5.4200    235.519    34.9994    35.0019 0.0000e+00
   1655.097   1397.000     4.3350     4.3333   3.347070   3.347136     1.8665     2.0940     278.37   1383.225    27.7622    27.7644     4.2205     4.2188    1491.07    1491.06     5.4881    238.480     5.4211    235.565    34.9993    35.0018 0.0000e+00
   1656.322   1398.000     4.3333     4.3315   3.346959   3.347010     1.8665     2.0938     276.72   1384.212    27.7624    27.7645     4.2188     4.2170    1491.08    1491.07     5.4888    238.510     5.4212    235.571    34.9992    35.0017 0.0000e+00
   1657.280   1399.000     4.3321     4.3306   3.346887   3.346967     1.8665     2.0936     276.02   1385.199    27.7625    27.7646     4.2175     4.2160    1491.09    1491.08     5.4893    238.530     5.4213    235.572    34.9992    35.0017 0.0000e+00
   1658.090   1400.000     4.3314     4.3298   3.346863   3.346939     1.8665     2.0934     275.72   1386.186    27.7626    27.7647     4.2166     4.2151    1491.10    1491.10     5.4897    238.545     5.4216    235.590    34.9992    35.0017 0.0000e+00
   1658.886   1401.000     4.3304     4.3289   3.346826   3.346897     1.8664     2.0933     275.63   1387.173    27.7627    27.7648     4.2156     4.2141    1491.11    1491.11     5.4898    238.552     5.4212    235.570    34.9993    35.0017 0.0000e+00
   1659.780   1402.000     4.3275     4.3262   3.346624   3.346727     1.8664     2.0930     275.78   1388.160    27.7632    27.7654     4.2126     4.2114    1491.12    1491.12     5.4906    238.588     5.4199    235.515    34.9995    35.0020 0.0000e+00
   1661.037   1403.000     4.3230     4.3208   3.346220   3.346253     1.8663     2.0925     276.52   1389.146    27.7634    27.7657     4.2080     4.2059    1491.12    1491.11     5.4924    238.667     5.4188    235.467    34.9990    35.0017 0.0000e+00
   1662.464   1404.000     4.3198     4.3179   3.345993   3.346026     1.8663     2.0920     277.18   1390.133    27.7639    27.7659     4.2048     4.2030    1491.12    1491.11     5.4935    238.713     5.4195    235.495    34.9992    35.0016 0.0000e+00
   1663.284   1405.000     4.3180     4.3165   3.345867   3.345950     1.8662     2.0918     277.17   1391.120    27.7640    27.7661     4.2029     4.2015    1491.13    1491.13     5.4941    238.740     5.4219    235.598    34.9991    35.0016 0.0000e+00
   1663.951   1406.000     4.3159     4.3143   3.345699   3.345775     1.8662     2.0918     277.21   1392.107    27.7640    27.7662     4.2008     4.1992    1491.14    1491.13     5.4948    238.767     5.4253    235.746    34.9989    35.0014 0.0000e+00
   1664.649   1407.000     4.3157     4.3141   3.345722   3.345781     1.8661     2.0918     277.25   1393.094    27.7640    27.7661     4.2005     4.1989    1491.15    1491.15     5.4947    238.765     5.4285    235.887    34.9988    35.0012 0.0000e+00
   1665.848   1408.000     4.3170     4.3141   3.345881   3.345821     1.8660     2.0921     277.47   1394.081    27.7639    27.7661     4.2017     4.1988    1491.17    1491.17     5.4932    238.697     5.4311    236.000    34.9989    35.0012 0.0000e+00
   1667.434   1409.000     4.3164     4.3136   3.345878   3.345833     1.8656     2.0924     278.12   1395.067    27.7641    27.7663     4.2010     4.1982    1491.19    1491.18     5.4901    238.565     5.4316    236.021    34.9990    35.0014 0.0000e+00
   1668.117   1410.000     4.3136     4.3120   3.345661   3.345726     1.8653     2.0925     278.44   1396.054    27.7644    27.7664     4.1981     4.1965    1491.19    1491.19     5.4897    238.548     5.4326    236.066    34.9989    35.0013 0.0000e+00
   1668.720   1411.000     4.3119     4.3105   3.345549   3.345639     1.8651     2.0926     278.72   1397.041    27.7645    27.7667     4.1964     4.1949    1491.20    1491.20     5.4897    238.546     5.4332    236.090    34.9989    35.0014 0.0000e+00
   1669.351   1412.000     4.3070     4.3053   3.345125   3.345207     1.8648     2.0926     278.96   1398.028    27.7648    27.7671     4.1914     4.1898    1491.20    1491.20     5.4905    238.583     5.4335    236.105    34.9986    35.0013 0.0000e+00
   1670.470   1413.000     4.3059     4.3037   3.345028   3.345068     1.8645     2.0925     279.31   1399.015    27.7646    27.7670     4.1902     4.1881    1491.21    1491.21     5.4916    238.631     5.4319    236.035    34.9981    35.0009 0.0000e+00
   1672.820   1414.000     4.3043     4.3038   3.344961   3.345144     1.8642     2.0919     279.67   1400.001    27.7651    27.7672     4.1885     4.1880    1491.22    1491.22     5.4951    238.780     5.4283    235.880    34.9986    35.0012 0.0000e+00
   1673.369   1415.000     4.2988     4.2974   3.344474   3.344586     1.8642     2.0917     279.14   1400.988    27.7653    27.7677     4.1830     4.1816    1491.21    1491.21     5.4980    238.907     5.4297    235.937    34.9981    35.0009 0.0000e+00
   1673.964   1416.000     4.2962     4.2947   3.344262   3.344355     1.8643     2.0916     278.72   1401.975    27.7654    27.7677     4.1803     4.1789    1491.22    1491.22     5.5003    239.005     5.4303    235.965    34.9979    35.0005 0.0000e+00
   1674.622   1417.000     4.2942     4.2927   3.344120   3.344200     1.8644     2.0914     278.27   1402.962    27.7656    27.7677     4.1783     4.1768    1491.23    1491.23     5.5023    239.094     5.4316    236.021    34.9978    35.0003 0.0000e+00
   1675.578   1418.000     4.2884     4.2868   3.343593   3.343680     1.8646     2.0913     277.91   1403.948    27.7658    27.7681     4.1725     4.1708    1491.22    1491.22     5.5045    239.189     5.4347    236.154    34.9973    35.0000 0.0000e+00
   1676.761   1419.000     4.2863     4.2826   3.343391   3.343274     1.8648     2.0913     277.80   1404.935    27.7655    27.7679     4.1703     4.1666    1491.23    1491.22     5.5044    239.187     5.4377    236.288    34.9967    34.9992 0.0000e+00
   1677.532   1420.000     4.2827     4.2814   3.343143   3.343217     1.8648     2.0913     277.48   1405.922    27.7662    27.7681     4.1667     4.1653    1491.23    1491.23     5.5044    239.184     5.4401    236.392    34.9970    34.9993 0.0000e+00
   1678.228   1421.000     4.2816     4.2802   3.343066   3.343141     1.8647     2.0914     276.60   1406.909    27.7661    27.7682     4.1655     4.1640    1491.24    1491.24     5.5047    239.199     5.4426    236.498    34.9967    34.9992 0.0000e+00
   1679.101   1422.000     4.2802     4.2785   3.342955   3.343030     1.8647     2.0916     275.54   1407.896    27.7661    27.7683     4.1640     4.1623    1491.25    1491.25     5.5060    239.255     5.4443    236.572    34.9965    34.9991 0.0000e+00
   1680.579   1423.000     4.2819     4.2768   3.343145   3.342891     1.8647     2.0919     274.48   1408.882    27.7659    27.7683     4.1655     4.1605    1491.28    1491.26     5.5063    239.269     5.4446    236.588    34.9964    34.9988 0.0000e+00
   1682.031   1424.000     4.2781     4.2768   3.342858   3.342927     1.8646     2.0920     272.71   1409.869    27.7663    27.7683     4.1617     4.1604    1491.28    1491.27     5.5062    239.264     5.4446    236.585    34.9965    34.9988 0.0000e+00
   1683.180   1425.000     4.2780     4.2763   3.342880   3.342921     1.8645     2.0920     271.24   1410.856    27.7663    27.7683     4.1615     4.1598    1491.29    1491.29     5.5057    239.242     5.4450    236.602    34.9964    34.9987 0.0000e+00
   1684.195   1426.000     4.2780     4.2764   3.342929   3.342984     1.8643     2.0920     270.64   1411.843    27.7664    27.7683     4.1614     4.1599    1491.31    1491.31     5.5054    239.227     5.4445    236.580    34.9965    34.9988 0.0000e+00
   1684.997   1427.000     4.2771     4.2761   3.342885   3.343009     1.8642     2.0919     270.53   1412.829    27.7664    27.7685     4.1605     4.1594    1491.32    1491.32     5.5061    239.261     5.4438    236.550    34.9964    34.9990 0.0000e+00
   1685.667   1428.000     4.2763     4.2748   3.342854   3.342926     1.8641     2.0918     270.66   1413.816    27.7665    27.7686     4.1596     4.1581    1491.34    1491.33     5.5069    239.294     5.4436    236.545    34.9965    34.9988 0.0000e+00
   1686.273   1429.000     4.2759     4.2744   3.342854   3.342933     1.8640     2.0916     270.96   1414.803    27.7665    27.7687     4.1591     4.1576    1491.35    1491.35     5.5075    239.320     5.4434    236.534    34.9964    34.9989 0.0000e+00
   1686.862   1430.000     4.2750     4.2730   3.342821   3.342845     1.8640     2.0915     271.45   1415.789    27.7666    27.7687     4.1581     4.1562    1491.36    1491.36     5.5084    239.357     5.4432    236.524    34.9964    34.9988 0.0000e+00
   1687.487   1431.000     4.2733     4.2717   3.342686   3.342751     1.8639     2.0913     272.25   1416.776    27.7666    27.7687     4.1563     4.1548    1491.37    1491.37     5.5095    239.406     5.4428    236.507    34.9961    34.9985 0.0000e+00
   1688.733   1432.000     4.2723     4.2713   3.342632   3.342743     1.8638     2.0909     273.89   1417.763    27.7666    27.7687     4.1553     4.1542    1491.39    1491.38     5.5092    239.392     5.4419    236.468    34.9960    34.9984 0.0000e+00
   1691.507   1433.000     4.2740     4.2726   3.342838   3.342935     1.8632     2.0901     276.05   1418.750    27.7666    27.7688     4.1569     4.1555    1491.41    1491.41     5.5054    239.227     5.4403    236.401    34.9962    34.9988 0.0000e+00
   1692.078   1434.000     4.2710     4.2695   3.342594   3.342705     1.8631     2.0900     276.90   1419.736    27.7668    27.7692     4.1538     4.1523    1491.41    1491.41     5.5073    239.310     5.4433    236.529    34.9960    34.9988 0.0000e+00
   1692.754   1435.000     4.2693     4.2679   3.342481   3.342561     1.8630     2.0899     278.04   1420.723    27.7670    27.7690     4.1520     4.1506    1491.42    1491.42     5.5092    239.393     5.4461    236.653    34.9960    34.9984 0.0000e+00
   1693.503   1436.000     4.2640     4.2625   3.342046   3.342122     1.8630     2.0900     279.08   1421.710    27.7675    27.7696     4.1467     4.1452    1491.42    1491.41     5.5122    239.522     5.4491    236.780    34.9959    34.9984 0.0000e+00
   1694.371   1437.000     4.2595     4.2579   3.341641   3.341721     1.8631     2.0901     279.66   1422.696    27.7676    27.7698     4.1421     4.1405    1491.41    1491.41     5.5149    239.643     5.4514    236.883    34.9955    34.9981 0.0000e+00
   1695.194   1438.000     4.2564     4.2548   3.341393   3.341479     1.8632     2.0902     279.65   1423.683    27.7679    27.7701     4.1389     4.1374    1491.42    1491.42     5.5164    239.706     5.4529    236.947    34.9954    34.9980 0.0000e+00
   1695.899   1439.000     4.2545     4.2529   3.341256   3.341307     1.8632     2.0903     279.26   1424.670    27.7679    27.7700     4.1370     4.1354    1491.43    1491.42     5.5164    239.706     5.4543    237.007    34.9952    34.9975 0.0000e+00
   1696.589   1440.000     4.2542     4.2527   3.341257   3.341330     1.8632     2.0904     279.10   1425.656    27.7679    27.7700     4.1366     4.1351    1491.44    1491.44     5.5159    239.683     5.4557    237.070    34.9951    34.9975 0.0000e+00
   1697.512   1441.000     4.2518     4.2499   3.341067   3.341127     1.8631     2.0905     279.01   1426.643    27.7680    27.7703     4.1341     4.1323    1491.45    1491.44     5.5160    239.690     5.4573    237.139    34.9949    34.9976 0.0000e+00
   1699.678   1442.000     4.2519     4.2479   3.341136   3.340969     1.8628     2.0907     278.61   1427.630    27.7681    27.7704     4.1342     4.1302    1491.47    1491.45     5.5147    239.631     5.4563    237.092    34.9951    34.9974 0.0000e+00
   1700.714   1443.000     4.2458     4.2444   3.340613   3.340683     1.8626     2.0906     278.23   1428.616    27.7686    27.7706     4.1280     4.1266    1491.46    1491.45     5.5151    239.650     5.4550    237.038    34.9949    34.9972 0.0000e+00
   1701.419   1444.000     4.2448     4.2434   3.340579   3.340652     1.8625     2.0905     278.33   1429.603    27.7688    27.7709     4.1270     4.1255    1491.47    1491.47     5.5159    239.683     5.4543    237.007    34.9950    34.9974 0.0000e+00
   1702.129   1445.000     4.2426     4.2411   3.340393   3.340452     1.8624     2.0903     278.65   1430.590    27.7688    27.7708     4.1247     4.1232    1491.48    1491.47     5.5178    239.766     5.4537    236.980    34.9947    34.9970 0.0000e+00
   1702.931   1446.000     4.2420     4.2405   3.340377   3.340446     1.8624     2.0900     279.20   1431.576    27.7689    27.7709     4.1240     4.1225    1491.49    1491.49     5.5201    239.865     5.4524    236.926    34.9947    34.9970 0.0000e+00
   1703.833   1447.000     4.2410     4.2394   3.340312   3.340385     1.8625     2.0897     280.05   1432.563    27.7688    27.7710     4.1229     4.1214    1491.50    1491.50     5.5219    239.946     5.4510    236.864    34.9945    34.9970 0.0000e+00
   1704.747   1448.000     4.2401     4.2386   3.340279   3.340351     1.8625     2.0892     280.61   1433.549    27.7690    27.7710     4.1220     4.1205    1491.52    1491.51     5.5227    239.981     5.4501    236.825    34.9945    34.9969 0.0000e+00
   1705.908   1449.000     4.2393     4.2376   3.340233   3.340299     1.8625     2.0887     280.76   1434.536    27.7690    27.7711     4.1210     4.1194    1491.53    1491.53     5.5210    239.904     5.4496    236.804    34.9944    34.9969 0.0000e+00
   1707.564   1450.000     4.2400     4.2371   3.340343   3.340281     1.8621     2.0880     280.33   1435.523    27.7690    27.7711     4.1216     4.1187    1491.55    1491.54     5.5152    239.654     5.4478    236.723    34.9944    34.9968 0.0000e+00
   1708.464   1451.000     4.2384     4.2369   3.340250   3.340315     1.8617     2.0876     280.50   1436.509    27.7692    27.7712     4.1200     4.1185    1491.56    1491.56     5.5138    239.593     5.4465    236.667    34.9945    34.9969 0.0000e+00
