data/raw_ctdprof/AB1502_profile_053.cnv
* Sea-Bird SBE 9 Data File:
* FileName = D:\ctd\raw\ab1502_053.hex
* Software Version Seasave V 7.23.2
* Temperature SN = 2958
* Conductivity SN = 3860
* Number of Bytes Per Scan = 41
* Number of Voltage Words = 4
* Number of Scans Averaged by the Deck Unit = 1
* NMEA Latitude = 26 02.91 N
* NMEA Longitude = 079 13.99 W
* NMEA UTC (Time) = Feb 26 2015 15:15:07
# nquan = 23
# nvalues = 314                         
# units = specified
# name 0 = timeS: Time, Elapsed [seconds]
# name 1 = prDM: Pressure, Digiquartz [db]
# name 2 = t090C: Temperature [ITS-90, deg C]
# name 3 = t190C: Temperature, 2 [ITS-90, deg C]
# name 4 = c0S/m: Conductivity [S/m]
# name 5 = c1S/m: Conductivity, 2 [S/m]
# name 6 = sbeox0V: Oxygen raw, SBE 43 [V]
# name 7 = sbeox1V: Oxygen raw, SBE 43, 2 [V]
# name 8 = altM: Altimeter [m]
# name 9 = depSM: Depth [salt water, m]
# name 10 = sigma-é00: Density [sigma-theta, kg/m^3]
# name 11 = sigma-é11: Density, 2 [sigma-theta, kg/m^3]
# name 12 = potemp090C: Potential Temperature [ITS-90, deg C]
# name 13 = potemp190C: Potential Temperature, 2 [ITS-90, deg C]
# name 14 = svCM: Sound Velocity [Chen-Millero, m/s]
# name 15 = svCM1: Sound Velocity, 2 [Chen-Millero, m/s]
# name 16 = sbeox0ML/L: Oxygen, SBE 43 [ml/l]
# name 17 = sbeox0Mm/Kg: Oxygen, SBE 43 [umol/kg]
# name 18 = sbeox1ML/L: Oxygen, SBE 43, 2 [ml/l]
# name 19 = sbeox1Mm/Kg: Oxygen, SBE 43, 2 [umol/kg]
# name 20 = sal00: Salinity, Practical [PSU]
# name 21 = sal11: Salinity, Practical, 2 [PSU]
# name 22 = flag:
# span 0 =    168.868,    653.316       
# span 1 =      4.000,    317.000       
# span 2 =    18.5940,    25.1916       
# span 3 =    18.5923,    25.1912       
# span 4 =   4.849523,   5.506586       
# span 5 =   4.849434,   5.506465       
# span 6 =     2.0261,     2.5451       
# span 7 =     2.2732,     2.8381       
# span 8 =       8.38,     311.23       
# span 9 =      3.974,    314.696       
# span 10 =    24.2806,    26.3425      
# span 11 =    24.2800,    26.3435      
# span 12 =    18.5378,    25.1887      
# span 13 =    18.5361,    25.1881      
# span 14 =    1524.24,    1537.38      
# span 15 =    1524.23,    1537.37      
# span 16 =     3.8181,     4.4150      
# span 17 =    166.269,    192.500      
# span 18 =     3.8045,     4.3901      
# span 19 =    165.674,    191.416      
# span 20 =    36.3188,    36.7983      
# span 21 =    36.3177,    36.8081      
# span 22 = 0.0000e+00, 0.0000e+00      
# interval = decibars: 1                
# start_time = Feb 26 2015 15:15:07 [NMEA time, header]
# bad_flag = -9.990e-29
*END*
    168.868      4.000    25.1891    25.1888   5.504901   5.504729     2.5419     2.8342     310.78      3.974    24.2807    24.2801    25.1882    25.1879    1536.35    1536.35     4.4038    192.010     4.3780    190.885    36.3189    36.3179 0.0000e+00
    173.788      5.000    25.1895    25.1890   5.504998   5.504784     2.5448     2.8326     311.23      4.967    24.2808    24.2800    25.1884    25.1879    1536.37    1536.36     4.4090    192.239     4.3752    190.766    36.3191    36.3179 0.0000e+00
    175.228      6.000    25.1892    25.1889   5.504990   5.504816     2.5451     2.8335     310.85      5.961    24.2808    24.2801    25.1879    25.1875    1536.38    1536.38     4.4090    192.240     4.3782    190.894    36.3189    36.3179 0.0000e+00
    177.697      7.000    25.1892    25.1889   5.505021   5.504840     2.5436     2.8346     309.91      6.954    24.2808    24.2801    25.1876    25.1873    1536.40    1536.40     4.4053    192.079     4.3814    191.034    36.3188    36.3177 0.0000e+00
    179.624      8.000    25.1889    25.1888   5.505098   5.504935     2.5428     2.8365     308.25      7.948    24.2813    24.2805    25.1871    25.1871    1536.42    1536.41     4.4041    192.026     4.3856    191.218    36.3193    36.3181 0.0000e+00
    181.374      9.000    25.1889    25.1886   5.505148   5.504969     2.5419     2.8369     305.87      8.941    24.2814    24.2807    25.1869    25.1866    1536.43    1536.43     4.4034    191.996     4.3853    191.205    36.3193    36.3182 0.0000e+00
    183.500     10.000    25.1897    25.1892   5.505269   5.505073     2.5418     2.8364     300.83      9.935    24.2812    24.2805    25.1875    25.1870    1536.45    1536.45     4.4036    192.001     4.3853    191.206    36.3193    36.3182 0.0000e+00
    184.875     11.000    25.1905    25.1902   5.505387   5.505198     2.5410     2.8370     293.12     10.928    24.2809    24.2802    25.1881    25.1878    1536.47    1536.47     4.4016    191.915     4.3875    191.301    36.3191    36.3180 0.0000e+00
    186.622     12.000    25.1913    25.1907   5.505505   5.505306     2.5408     2.8376     273.79     11.922    24.2806    24.2801    25.1887    25.1881    1536.49    1536.49     4.4033    191.988     4.3888    191.359    36.3190    36.3180 0.0000e+00
    188.650     13.000    25.1904    25.1901   5.505486   5.505301     2.5408     2.8381     254.44     12.915    24.2812    24.2804    25.1875    25.1873    1536.50    1536.50     4.4031    191.982     4.3901    191.416    36.3193    36.3181 0.0000e+00
    190.033     14.000    25.1908    25.1908   5.505568   5.505407     2.5410     2.8381     252.80     13.908    24.2811    24.2803    25.1877    25.1877    1536.52    1536.52     4.4047    192.050     4.3900    191.409    36.3193    36.3181 0.0000e+00
    191.783     15.000    25.1908    25.1906   5.505626   5.505445     2.5406     2.8375     260.62     14.902    24.2813    24.2804    25.1875    25.1873    1536.54    1536.54     4.4033    191.991     4.3890    191.366    36.3194    36.3182 0.0000e+00
    193.428     16.000    25.1896    25.1896   5.505586   5.505417     2.5408     2.8366     278.70     15.895    24.2819    24.2810    25.1861    25.1861    1536.55    1536.55     4.4068    192.143     4.3880    191.325    36.3197    36.3185 0.0000e+00
    194.836     17.000    25.1889    25.1887   5.505589   5.505413     2.5419     2.8364     288.84     16.889    24.2825    24.2816    25.1851    25.1850    1536.57    1536.57     4.4093    192.250     4.3890    191.366    36.3200    36.3188 0.0000e+00
    196.277     18.000    25.1894    25.1893   5.505676   5.505493     2.5423     2.8367     292.50     17.882    24.2823    24.2814    25.1855    25.1853    1536.59    1536.58     4.4094    192.256     4.3900    191.409    36.3198    36.3186 0.0000e+00
    197.996     19.000    25.1888    25.1886   5.505662   5.505490     2.5417     2.8366     291.79     18.876    24.2826    24.2818    25.1846    25.1844    1536.60    1536.60     4.4076    192.175     4.3899    191.404    36.3200    36.3188 0.0000e+00
    199.501     20.000    25.1884    25.1881   5.505686   5.505507     2.5404     2.8357     286.86     19.869    24.2829    24.2822    25.1840    25.1837    1536.62    1536.61     4.4039    192.017     4.3876    191.305    36.3201    36.3190 0.0000e+00
    200.954     21.000    25.1885    25.1884   5.505746   5.505587     2.5392     2.8345     275.51     20.862    24.2830    24.2822    25.1839    25.1838    1536.63    1536.63     4.4035    191.999     4.3866    191.261    36.3201    36.3191 0.0000e+00
    202.671     22.000    25.1886    25.1884   5.505810   5.505631     2.5393     2.8346     256.03     21.856    24.2831    24.2822    25.1838    25.1836    1536.65    1536.65     4.4060    192.107     4.3885    191.342    36.3202    36.3190 0.0000e+00
    204.205     23.000    25.1893    25.1892   5.505895   5.505722     2.5404     2.8348     261.97     22.849    24.2828    24.2819    25.1842    25.1841    1536.67    1536.67     4.4099    192.277     4.3888    191.357    36.3200    36.3188 0.0000e+00
    205.843     24.000    25.1897    25.1896   5.505945   5.505765     2.5414     2.8346     278.16     23.842    24.2824    24.2816    25.1845    25.1843    1536.69    1536.68     4.4113    192.339     4.3887    191.352    36.3196    36.3185 0.0000e+00
    207.371     25.000    25.1900    25.1900   5.506045   5.505861     2.5419     2.8340     284.78     24.836    24.2826    24.2816    25.1845    25.1845    1536.70    1536.70     4.4135    192.436     4.3875    191.300    36.3199    36.3185 0.0000e+00
    208.733     26.000    25.1902    25.1901   5.506103   5.505931     2.5426     2.8333     286.41     25.829    24.2825    24.2817    25.1845    25.1844    1536.72    1536.72     4.4150    192.500     4.3870    191.281    36.3198    36.3186 0.0000e+00
    210.370     27.000    25.1899    25.1894   5.506118   5.505925     2.5426     2.8331     286.21     26.823    24.2827    24.2821    25.1840    25.1835    1536.74    1536.74     4.4140    192.458     4.3875    191.301    36.3198    36.3188 0.0000e+00
    212.058     28.000    25.1883    25.1882   5.506084   5.505922     2.5414     2.8326     285.26     27.816    24.2838    24.2830    25.1822    25.1820    1536.75    1536.75     4.4106    192.306     4.3871    191.282    36.3205    36.3194 0.0000e+00
    213.210     29.000    25.1885    25.1886   5.506155   5.506002     2.5402     2.8324     283.94     28.809    24.2838    24.2829    25.1821    25.1823    1536.77    1536.77     4.4084    192.213     4.3873    191.290    36.3206    36.3193 0.0000e+00
    214.892     30.000    25.1891    25.1887   5.506230   5.506052     2.5388     2.8321     283.49     29.803    24.2835    24.2829    25.1825    25.1821    1536.79    1536.78     4.4073    192.162     4.3871    191.285    36.3203    36.3193 0.0000e+00
    217.047     31.000    25.1901    25.1896   5.506368   5.506184     2.5392     2.8313     284.91     30.796    24.2832    24.2826    25.1833    25.1828    1536.81    1536.80     4.4113    192.339     4.3857    191.222    36.3202    36.3192 0.0000e+00
    218.155     32.000    25.1904    25.1897   5.506454   5.506246     2.5396     2.8309     285.17     31.789    24.2833    24.2827    25.1834    25.1827    1536.82    1536.82     4.4108    192.314     4.3856    191.217    36.3203    36.3193 0.0000e+00
    219.343     33.000    25.1916    25.1912   5.506568   5.506368     2.5394     2.8304     284.90     32.783    24.2826    24.2819    25.1844    25.1839    1536.84    1536.84     4.4107    192.311     4.3852    191.199    36.3198    36.3187 0.0000e+00
    221.335     34.000    25.1912    25.1909   5.506586   5.506429     2.5386     2.8298     283.98     33.776    24.2829    24.2823    25.1837    25.1835    1536.86    1536.86     4.4076    192.175     4.3842    191.156    36.3200    36.3190 0.0000e+00
    222.967     35.000    25.1887    25.1890   5.506567   5.506411     2.5368     2.8285     283.04     34.769    24.2849    24.2837    25.1810    25.1813    1536.87    1536.87     4.4042    192.028     4.3814    191.032    36.3215    36.3201 0.0000e+00
    224.076     36.000    25.1858    25.1880   5.506536   5.506465     2.5356     2.8269     282.15     35.763    24.2872    24.2848    25.1779    25.1801    1536.88    1536.89     4.4020    191.931     4.3781    190.891    36.3233    36.3210 0.0000e+00
    225.786     37.000    25.1793    25.1778   5.506315   5.506093     2.5338     2.8244     280.98     36.756    24.2917    24.2919    25.1712    25.1697    1536.89    1536.88     4.3992    191.809     4.3751    190.758    36.3265    36.3261 0.0000e+00
    227.897     38.000    25.1639    25.1621   5.505673   5.505525     2.5316     2.8225     279.67     37.749    24.3020    24.3028    25.1556    25.1538    1536.88    1536.87     4.3963    191.682     4.3736    190.690    36.3338    36.3341 0.0000e+00
    228.983     39.000    25.1467    25.1489   5.504689   5.504691     2.5308     2.8213     279.03     38.743    24.3120    24.3100    25.1382    25.1404    1536.86    1536.86     4.3963    191.681     4.3718    190.611    36.3399    36.3382 0.0000e+00
    230.372     40.000    25.1310    25.1319   5.503679   5.503632     2.5296     2.8191     278.18     39.736    24.3205    24.3194    25.1222    25.1231    1536.84    1536.84     4.3956    191.646     4.3686    190.470    36.3448    36.3437 0.0000e+00
    231.920     41.000    25.1241    25.1245   5.503268   5.503147     2.5283     2.8164     277.06     40.729    24.3243    24.3232    25.1152    25.1156    1536.84    1536.84     4.3930    191.534     4.3647    190.297    36.3469    36.3456 0.0000e+00
    233.577     42.000    25.1228    25.1224   5.503244   5.503059     2.5261     2.8148     275.99     41.723    24.3252    24.3245    25.1136    25.1133    1536.86    1536.86     4.3875    191.293     4.3641    190.273    36.3474    36.3464 0.0000e+00
    235.073     43.000    25.1219    25.1217   5.503235   5.503077     2.5237     2.8150     275.03     42.716    24.3258    24.3250    25.1125    25.1123    1536.87    1536.87     4.3837    191.128     4.3657    190.343    36.3478    36.3467 0.0000e+00
    236.625     44.000    25.1201    25.1190   5.503180   5.502959     2.5223     2.8148     274.07     43.709    24.3269    24.3267    25.1105    25.1094    1536.89    1536.88     4.3830    191.095     4.3656    190.337    36.3484    36.3477 0.0000e+00
    238.421     45.000    25.1151    25.1149   5.502933   5.502753     2.5219     2.8143     273.08     44.702    24.3299    24.3291    25.1053    25.1050    1536.89    1536.89     4.3835    191.119     4.3652    190.321    36.3503    36.3492 0.0000e+00
    239.907     46.000    25.1160    25.1157   5.503042   5.502861     2.5211     2.8138     272.23     45.696    24.3295    24.3288    25.1059    25.1056    1536.91    1536.91     4.3812    191.016     4.3644    190.287    36.3501    36.3490 0.0000e+00
    241.118     47.000    25.1153    25.1150   5.503061   5.502884     2.5202     2.8130     271.66     46.689    24.3301    24.3294    25.1050    25.1047    1536.93    1536.93     4.3805    190.988     4.3628    190.216    36.3505    36.3494 0.0000e+00
    242.512     48.000    25.1155    25.1153   5.503130   5.502963     2.5199     2.8116     271.02     47.682    24.3301    24.3294    25.1050    25.1048    1536.95    1536.94     4.3808    191.001     4.3605    190.115    36.3505    36.3494 0.0000e+00
    244.335     49.000    25.1153    25.1150   5.503191   5.503016     2.5195     2.8099     269.82     48.675    24.3305    24.3298    25.1046    25.1043    1536.96    1536.96     4.3802    190.975     4.3583    190.018    36.3508    36.3497 0.0000e+00
    245.901     50.000    25.1152    25.1146   5.503238   5.503049     2.5188     2.8094     268.78     49.669    24.3306    24.3301    25.1043    25.1037    1536.98    1536.98     4.3787    190.906     4.3588    190.042    36.3509    36.3499 0.0000e+00
    247.250     51.000    25.1165    25.1161   5.503337   5.503155     2.5180     2.8092     267.94     50.662    24.3298    24.3291    25.1054    25.1050    1537.00    1537.00     4.3770    190.833     4.3586    190.030    36.3502    36.3492 0.0000e+00
    249.132     52.000    25.1172    25.1172   5.503446   5.503279     2.5166     2.8083     266.63     51.655    24.3296    24.3287    25.1058    25.1059    1537.02    1537.01     4.3746    190.729     4.3570    189.962    36.3502    36.3489 0.0000e+00
    250.614     53.000    25.1165    25.1165   5.503457   5.503303     2.5155     2.8078     265.77     52.648    24.3302    24.3293    25.1049    25.1049    1537.03    1537.03     4.3718    190.607     4.3571    189.966    36.3505    36.3493 0.0000e+00
    251.787     54.000    25.1140    25.1122   5.503320   5.503047     2.5138     2.8077     264.98     53.642    24.3315    24.3316    25.1022    25.1004    1537.04    1537.04     4.3674    190.417     4.3580    190.005    36.3511    36.3506 0.0000e+00
    253.405     55.000    25.1079    25.1068   5.502946   5.502724     2.5111     2.8077     263.95     54.635    24.3348    24.3345    25.0959    25.0948    1537.05    1537.04     4.3630    190.224     4.3587    190.034    36.3529    36.3522 0.0000e+00
    254.971     56.000    25.1020    25.1007   5.502592   5.502352     2.5096     2.8076     263.00     55.628    24.3380    24.3378    25.0897    25.0885    1537.05    1537.05     4.3628    190.215     4.3592    190.056    36.3547    36.3540 0.0000e+00
    256.357     57.000    25.1047    25.1035   5.502845   5.502613     2.5096     2.8072     262.00     56.621    24.3368    24.3365    25.0923    25.0911    1537.07    1537.07     4.3646    190.290     4.3588    190.038    36.3541    36.3533 0.0000e+00
    258.517     58.000    25.1025    25.1027   5.502766   5.502613     2.5104     2.8066     260.65     57.615    24.3381    24.3371    25.0898    25.0900    1537.09    1537.09     4.3673    190.410     4.3578    189.997    36.3550    36.3537 0.0000e+00
    259.951     59.000    25.0912    25.0943   5.502064   5.502152     2.5102     2.8059     259.53     58.608    24.3443    24.3421    25.0784    25.0814    1537.08    1537.09     4.3669    190.392     4.3573    189.973    36.3585    36.3567 0.0000e+00
    261.114     60.000    25.0907    25.0895   5.502049   5.501821     2.5100     2.8050     258.66     59.601    24.3446    24.3444    25.0776    25.0764    1537.10    1537.09     4.3676    190.420     4.3555    189.895    36.3585    36.3578 0.0000e+00
    262.486     61.000    25.0951    25.0914   5.502397   5.502013     2.5103     2.8032     257.75     60.594    24.3423    24.3436    25.0818    25.0780    1537.12    1537.11     4.3690    190.483     4.3522    189.750    36.3572    36.3573 0.0000e+00
    264.480     62.000    25.0951    25.0950   5.502473   5.502306     2.5097     2.8013     256.39     61.587    24.3426    24.3417    25.0816    25.0815    1537.14    1537.14     4.3651    190.311     4.3502    189.662    36.3574    36.3563 0.0000e+00
    265.896     63.000    25.0944    25.0934   5.502474   5.502271     2.5074     2.8008     255.53     62.581    24.3430    24.3428    25.0807    25.0796    1537.15    1537.15     4.3601    190.096     4.3496    189.639    36.3577    36.3570 0.0000e+00
    267.044     64.000    25.0967    25.0959   5.502720   5.502493     2.5065     2.7999     254.74     63.574    24.3422    24.3416    25.0827    25.0819    1537.18    1537.17     4.3603    190.103     4.3478    189.560    36.3574    36.3563 0.0000e+00
    268.685     65.000    25.0959    25.0951   5.502710   5.502502     2.5054     2.7991     253.57     64.567    24.3426    24.3422    25.0817    25.0809    1537.19    1537.19     4.3577    189.989     4.3482    189.575    36.3575    36.3567 0.0000e+00
