data/raw_ctdprof/AB1502_profile_018.cnv
* Sea-Bird SBE 9 Data File:
* FileName = D:\ctd\raw\ab1502_018.hex
* Software Version Seasave V 7.23.2
* Temperature SN = 2958
* Conductivity SN = 3860
* Number of Bytes Per Scan = 41
* Number of Voltage Words = 4
* Number of Scans Averaged by the Deck Unit = 1
* NMEA Latitude = 26 29.86 N
* NMEA Longitude = 075 42.05 W
* NMEA UTC (Time) = Feb 21 2015 03:01:04
# nquan = 23
# nvalues = 4763                        
# units = specified
# name 0 = timeS: Time, Elapsed [seconds]
# name 1 = prDM: Pressure, Digiquartz [db]
# name 2 = t090C: Temperature [ITS-90, deg C]
# name 3 = t190C: Temperature, 2 [ITS-90, deg C]
# name 4 = c0S/m: Conductivity [S/m]
# name 5 = c1S/m: Conductivity, 2 [S/m]
# name 6 = sbeox0V: Oxygen raw, SBE 43 [V]
# name 7 = sbeox1V: Oxygen raw, SBE 43, 2 [V]
# name 8 = altM: Altimeter [m]
# name 9 = depSM: Depth [salt water, m]
# name 10 = sigma-é00: Density [sigma-theta, kg/m^3]
# name 11 = sigma-é11: Density, 2 [sigma-theta, kg/m^3]
# name 12 = potemp090C: Potential Temperature [ITS-90, deg C]
# name 13 = potemp190C: Potential Temperature, 2 [ITS-90, deg C]
# name 14 = svCM: Sound Velocity [Chen-Millero, m/s]
# name 15 = svCM1: Sound Velocity, 2 [Chen-Millero, m/s]
# name 16 = sbeox0ML/L: Oxygen, SBE 43 [ml/l]
# name 17 = sbeox0Mm/Kg: Oxygen, SBE 43 [umol/kg]
# name 18 = sbeox1ML/L: Oxygen, SBE 43, 2 [ml/l]
# name 19 = sbeox1Mm/Kg: Oxygen, SBE 43, 2 [umol/kg]
# name 20 = sal00: Salinity, Practical [PSU]
# name 21 = sal11: Salinity, Practical, 2 [PSU]
# name 22 = flag:
# span 0 =    172.636,   4976.814       
# span 1 =      4.000,   4766.000       
# span 2 =     2.1845,    23.5022       
# span 3 =     2.1831,    23.5014       
# span 4 =   3.240506,   5.374091       
# span 5 =   3.240509,   5.373946       
# span 6 =     1.3303,     2.5556       
# span 7 =     1.4760,     2.8346       
# span 8 =      10.01,     310.17       
# span 9 =      3.974,   4682.541       
# span 10 =    25.0751,    27.8907      
# span 11 =    25.0746,    27.8917      
# span 12 =     1.7551,    23.4991      
# span 13 =     1.7538,    23.4986      
# span 14 =    1490.15,    1539.21      
# span 15 =    1490.15,    1539.21      
# span 16 =     2.9637,     5.7435      
# span 17 =    128.856,    249.547      
# span 18 =     2.9192,     5.7060      
# span 19 =    126.921,    247.916      
# span 20 =    34.8722,    36.7442      
# span 21 =    34.8736,    36.7459      
# span 22 = 0.0000e+00, 0.0000e+00      
# interval = decibars: 1                
# start_time = Feb 21 2015 03:01:04 [NMEA time, header]
# bad_flag = -9.990e-29
*END*
[from data line 441]
    715.000    445.000    15.5479    15.5469   4.488589   4.488641     1.8535     2.0609     268.37    441.615    26.7213    26.7226    15.4778    15.4767    1517.06    1517.06     3.6663    159.473     3.6121    157.119    36.1101    36.1115 0.0000e+00
    715.770    446.000    15.5458    15.5446   4.488360   4.488380     1.8515     2.0593     273.78    442.607    26.7214    26.7227    15.4755    15.4743    1517.07    1517.07     3.6616    159.272     3.6089    156.977    36.1096    36.1109 0.0000e+00
    718.306    447.000    15.5606    15.5508   4.490132   4.489243     1.8459     2.0539     283.07    443.598    26.7197    26.7226    15.4900    15.4804    1517.13    1517.10     3.6495    158.745     3.5949    156.372    36.1117    36.1125 0.0000e+00
    719.136    448.000    15.5398    15.5435   4.487855   4.488461     1.8446     2.0519     283.94    444.589    26.7229    26.7236    15.4692    15.4729    1517.08    1517.10     3.6484    158.696     3.5895    156.136    36.1098    36.1118 0.0000e+00
    720.141    449.000    15.5035    15.5029   4.483625   4.483849     1.8430     2.0491     284.66    445.580    26.7270    26.7291    15.4328    15.4322    1516.98    1516.98     3.6476    158.663     3.5854    155.953    36.1043    36.1069 0.0000e+00
    721.276    450.000    15.4596    15.4607   4.478332   4.478721     1.8412     2.0459     285.17    446.572    26.7306    26.7324    15.3889    15.3900    1516.85    1516.86     3.6447    158.533     3.5817    155.793    36.0963    36.0988 0.0000e+00
    722.120    451.000    15.4219    15.4222   4.473841   4.474151     1.8393     2.0436     285.32    447.563    26.7342    26.7360    15.3512    15.3515    1516.74    1516.75     3.6400    158.330     3.5792    155.685    36.0898    36.0923 0.0000e+00
    722.798    452.000    15.3836    15.3867   4.469415   4.470233     1.8374     2.0417     285.29    448.554    26.7386    26.7415    15.3128    15.3159    1516.63    1516.65     3.6357    158.143     3.5766    155.570    36.0844    36.0890 0.0000e+00
    723.475    453.000    15.3301    15.3313   4.463030   4.463500     1.8352     2.0396     285.53    449.546    26.7435    26.7457    15.2594    15.2606    1516.47    1516.48     3.6318    157.971     3.5750    155.499    36.0752    36.0783 0.0000e+00
    724.363    454.000    15.3018    15.3003   4.459498   4.459560     1.8318     2.0366     285.85    450.537    26.7449    26.7468    15.2310    15.2294    1516.39    1516.39     3.6221    157.550     3.5696    155.266    36.0687    36.0707 0.0000e+00
    725.485    455.000    15.2828    15.2831   4.457228   4.457478     1.8270     2.0327     286.23    451.528    26.7464    26.7479    15.2119    15.2121    1516.34    1516.35     3.6087    156.965     3.5619    154.930    36.0652    36.0672 0.0000e+00
    726.350    456.000    15.2500    15.2499   4.453320   4.453557     1.8231     2.0298     286.39    452.520    26.7492    26.7510    15.1791    15.1790    1516.25    1516.25     3.6016    156.657     3.5582    154.768    36.0593    36.0616 0.0000e+00
    727.218    457.000    15.2368    15.2361   4.451756   4.451869     1.8196     2.0269     286.79    453.511    26.7503    26.7518    15.1658    15.1650    1516.22    1516.22     3.5948    156.362     3.5531    154.548    36.0568    36.0586 0.0000e+00
    728.767    458.000    15.2320    15.2230   4.451117   4.450204     1.8141     2.0221     286.65    454.502    26.7500    26.7520    15.1608    15.1518    1516.22    1516.20     3.5844    155.908     3.5445    154.174    36.0550    36.0550 0.0000e+00
    730.624    459.000    15.2175    15.2142   4.449716   4.449663     1.8092     2.0168     284.72    455.493    26.7535    26.7562    15.1461    15.1428    1516.19    1516.19     3.5778    155.623     3.5347    153.747    36.0553    36.0578 0.0000e+00
    731.393    460.000    15.1691    15.1687   4.443909   4.444032     1.8077     2.0148     283.42    456.485    26.7574    26.7587    15.0978    15.0973    1516.05    1516.05     3.5783    155.640     3.5341    153.722    36.0464    36.0480 0.0000e+00
    732.022    461.000    15.1572    15.1577   4.442537   4.442843     1.8065     2.0132     282.41    457.476    26.7586    26.7603    15.0857    15.0862    1516.03    1516.03     3.5766    155.568     3.5312    153.591    36.0445    36.0468 0.0000e+00
    732.608    462.000    15.1283    15.1295   4.439179   4.439688     1.8054     2.0116     281.37    458.467    26.7616    26.7641    15.0568    15.0580    1515.95    1515.95     3.5770    155.585     3.5287    153.486    36.0401    36.0436 0.0000e+00
    733.247    463.000    15.1003    15.1006   4.435831   4.436133     1.8044     2.0097     279.97    459.458    26.7639    26.7658    15.0287    15.0290    1515.87    1515.87     3.5766    155.566     3.5251    153.328    36.0349    36.0374 0.0000e+00
    734.053    464.000    15.0702    15.0693   4.432184   4.432336     1.8029     2.0070     277.18    460.450    26.7659    26.7678    14.9986    14.9977    1515.78    1515.78     3.5738    155.447     3.5198    153.097    36.0289    36.0311 0.0000e+00
    735.018    465.000    15.0588    15.0576   4.430790   4.430846     1.8008     2.0036     271.30    461.441    26.7665    26.7680    14.9870    14.9859    1515.76    1515.76     3.5677    155.180     3.5127    152.787    36.0263    36.0279 0.0000e+00
    736.057    466.000    15.0493    15.0483   4.429694   4.429770     1.7983     2.0001     261.01    462.432    26.7673    26.7688    14.9774    14.9764    1515.75    1515.74     3.5611    154.891     3.5071    152.543    36.0247    36.0263 0.0000e+00
    737.555    467.000    15.0352    15.0285   4.428011   4.427538     1.7945     1.9957     260.74    463.423    26.7683    26.7712    14.9632    14.9565    1515.72    1515.70     3.5520    154.498     3.5003    152.249    36.0218    36.0237 0.0000e+00
    739.441    468.000    15.0202    15.0007   4.426420   4.424230     1.7899     1.9908     276.01    464.415    26.7708    26.7735    14.9480    14.9286    1515.68    1515.62     3.5415    154.040     3.4944    151.991    36.0208    36.0187 0.0000e+00
    740.599    469.000    14.9861    14.9862   4.422336   4.422546     1.7875     1.9886     280.86    465.406    26.7734    26.7748    14.9140    14.9141    1515.58    1515.59     3.5400    153.974     3.4919    151.880    36.0144    36.0162 0.0000e+00
    741.452    470.000    14.9832    14.9831   4.422031   4.422203     1.7861     1.9869     283.12    466.397    26.7737    26.7751    14.9109    14.9108    1515.59    1515.59     3.5388    153.924     3.4881    151.716    36.0139    36.0156 0.0000e+00
    742.130    471.000    14.9788    14.9784   4.421587   4.421720     1.7852     1.9855     284.44    467.388    26.7744    26.7757    14.9064    14.9059    1515.59    1515.59     3.5386    153.911     3.4853    151.594    36.0135    36.0151 0.0000e+00
    742.720    472.000    14.9637    14.9634   4.419868   4.420105     1.7846     1.9843     285.24    468.379    26.7761    26.7780    14.8911    14.8908    1515.56    1515.56     3.5390    153.929     3.4836    151.522    36.0113    36.0137 0.0000e+00
    743.288    473.000    14.9379    14.9384   4.416881   4.417326     1.7840     1.9831     285.66    469.371    26.7787    26.7814    14.8653    14.8658    1515.49    1515.50     3.5393    153.945     3.4820    151.450    36.0073    36.0109 0.0000e+00
    743.895    474.000    14.8865    14.8869   4.410906   4.411396     1.7833     1.9817     285.75    470.362    26.7841    26.7871    14.8139    14.8143    1515.34    1515.34     3.5402    153.983     3.4804    151.380    35.9996    36.0036 0.0000e+00
    744.644    475.000    14.8280    14.8302   4.404044   4.404760     1.7820     1.9794     285.40    471.353    26.7897    26.7927    14.7554    14.7576    1515.16    1515.17     3.5391    153.931     3.4760    151.189    35.9903    35.9948 0.0000e+00
    745.734    476.000    14.7802    14.7786   4.398089   4.398202     1.7795     1.9753     284.96    472.344    26.7917    26.7940    14.7076    14.7060    1515.01    1515.01     3.5333    153.681     3.4676    150.823    35.9793    35.9818 0.0000e+00
    749.178    477.000    14.8885    14.8606   4.411058   4.408029     1.7720     1.9644     284.91    473.335    26.7824    26.7869    14.8154    14.7876    1515.39    1515.30     3.5081    152.586     3.4455    149.863    35.9979    35.9958 0.0000e+00
    750.230    478.000    14.7591    14.8018   4.396286   4.402166     1.7704     1.9626     285.42    474.327    26.7980    26.7999    14.6863    14.7288    1514.98    1515.13     3.5141    152.845     3.4486    149.995    35.9814    35.9960 0.0000e+00
    750.828    479.000    14.6605    14.6697   4.384490   4.386335     1.7694     1.9618     285.55    475.318    26.8057    26.8102    14.5879    14.5971    1514.66    1514.70     3.5175    152.989     3.4552    150.278    35.9636    35.9720 0.0000e+00
    751.377    480.000    14.6211    14.6228   4.379550   4.380093     1.7682     1.9607     285.35    476.309    26.8070    26.8092    14.5484    14.5502    1514.54    1514.55     3.5150    152.882     3.4543    150.243    35.9541    35.9575 0.0000e+00
    751.946    481.000    14.6045    14.6054   4.377551   4.377957     1.7666     1.9593     284.79    477.300    26.8080    26.8100    14.5317    14.5327    1514.50    1514.50     3.5093    152.633     3.4507    150.084    35.9506    35.9535 0.0000e+00
    752.600    482.000    14.5826    14.5820   4.375005   4.375197     1.7644     1.9576     283.65    478.291    26.8098    26.8118    14.5098    14.5092    1514.44    1514.44     3.5023    152.327     3.4471    149.928    35.9469    35.9493 0.0000e+00
    753.380    483.000    14.5763    14.5750   4.374233   4.374270     1.7614     1.9553     281.55    479.282    26.8100    26.8115    14.5033    14.5020    1514.44    1514.43     3.4929    151.919     3.4415    149.685    35.9453    35.9469 0.0000e+00
    754.342    484.000    14.5729    14.5698   4.373865   4.373680     1.7576     1.9524     278.08    480.273    26.8102    26.8118    14.4998    14.4967    1514.44    1514.43     3.4831    151.495     3.4350    149.400    35.9446    35.9458 0.0000e+00
    756.227    485.000    14.5957    14.5728   4.376380   4.374074     1.7512     1.9472     270.19    481.265    26.8066    26.8115    14.5224    14.4995    1514.53    1514.46     3.4681    150.842     3.4249    148.964    35.9463    35.9463 0.0000e+00
    758.164    486.000    14.5724    14.5709   4.374418   4.374425     1.7462     1.9427     264.52    482.256    26.8141    26.8155    14.4990    14.4975    1514.48    1514.47     3.4618    150.565     3.4177    148.647    35.9494    35.9509 0.0000e+00
    758.865    487.000    14.5219    14.5237   4.368296   4.368827     1.7450     1.9413     263.22    483.247    26.8172    26.8193    14.4485    14.4503    1514.32    1514.33     3.4636    150.646     3.4186    148.688    35.9392    35.9424 0.0000e+00
    759.506    488.000    14.5021    14.5014   4.365839   4.365973     1.7440     1.9401     262.19    484.238    26.8178    26.8194    14.4286    14.4279    1514.27    1514.27     3.4624    150.594     3.4174    148.636    35.9344    35.9363 0.0000e+00
    760.148    489.000    14.4913    14.4915   4.364614   4.364902     1.7428     1.9388     262.03    485.229    26.8188    26.8207    14.4177    14.4179    1514.25    1514.25     3.4598    150.478     3.4144    148.503    35.9327    35.9352 0.0000e+00
    760.921    490.000    14.4422    14.4443   4.359017   4.359698     1.7413     1.9370     263.16    486.220    26.8243    26.8271    14.3686    14.3707    1514.10    1514.11     3.4584    150.416     3.4118    148.389    35.9261    35.9304 0.0000e+00
    762.027    491.000    14.4029    14.4028   4.354263   4.354512     1.7388     1.9340     265.32    487.211    26.8266    26.8284    14.3293    14.3292    1513.98    1513.98     3.4531    150.187     3.4056    148.122    35.9181    35.9204 0.0000e+00
    763.261    492.000    14.3758    14.3769   4.351131   4.351565     1.7357     1.9303     262.91    488.202    26.8291    26.8312    14.3021    14.3032    1513.91    1513.91     3.4446    149.817     3.3974    147.764    35.9138    35.9168 0.0000e+00
    764.542    493.000    14.3079    14.3084   4.343277   4.343689     1.7320     1.9261     261.97    489.194    26.8357    26.8382    14.2344    14.2348    1513.69    1513.70     3.4379    149.523     3.3908    147.476    35.9035    35.9069 0.0000e+00
    765.827    494.000    14.2799    14.2796   4.339907   4.340143     1.7279     1.9214     264.32    490.185    26.8373    26.8393    14.2062    14.2060    1513.61    1513.61     3.4276    149.078     3.3793    146.976    35.8978    35.9002 0.0000e+00
    766.911    495.000    14.2541    14.2528   4.336953   4.337047     1.7244     1.9171     261.54    491.176    26.8398    26.8417    14.1804    14.1791    1513.54    1513.54     3.4205    148.767     3.3706    146.596    35.8939    35.8960 0.0000e+00
    767.839    496.000    14.2376    14.2364   4.335020   4.335138     1.7216     1.9135     259.98    492.167    26.8410    26.8430    14.1638    14.1626    1513.50    1513.50     3.4158    148.564     3.3642    146.319    35.8909    35.8930 0.0000e+00
    768.703    497.000    14.2148    14.2162   4.332486   4.332956     1.7193     1.9103     263.46    493.158    26.8438    26.8458    14.1409    14.1424    1513.44    1513.45     3.4128    148.430     3.3602    146.143    35.8881    35.8911 0.0000e+00
    769.519    498.000    14.1371    14.1391   4.323455   4.324191     1.7173     1.9076     270.10    494.149    26.8508    26.8542    14.0633    14.0654    1513.19    1513.20     3.4139    148.477     3.3603    146.144    35.8758    35.8808 0.0000e+00
    770.422    499.000    14.1076    14.1073   4.319902   4.320133     1.7151     1.9047     275.59    495.140    26.8523    26.8543    14.0339    14.0336    1513.11    1513.11     3.4094    148.281     3.3550    145.915    35.8697    35.8721 0.0000e+00
    771.741    500.000    14.0910    14.0890   4.317880   4.317891     1.7113     1.9000     280.23    496.131    26.8529    26.8549    14.0172    14.0152    1513.07    1513.06     3.3974    147.762     3.3444    145.453    35.8659    35.8678 0.0000e+00
    773.081    501.000    14.0712    14.0700   4.315691   4.315772     1.7069     1.8953     282.58    497.122    26.8553    26.8570    13.9973    13.9960    1513.01    1513.01     3.3859    147.260     3.3357    145.074    35.8635    35.8654 0.0000e+00
    774.071    502.000    14.0608    14.0598   4.314507   4.314614     1.7039     1.8921     282.91    498.113    26.8562    26.8579    13.9868    13.9858    1513.00    1512.99     3.3800    147.004     3.3314    144.889    35.8617    35.8636 0.0000e+00
    775.043    503.000    14.0529    14.0508   4.313596   4.313592     1.7013     1.8895     282.42    499.104    26.8567    26.8586    13.9787    13.9766    1512.98    1512.98     3.3763    146.841     3.3290    144.785    35.8602    35.8621 0.0000e+00
    776.100    504.000    14.0390    14.0374   4.312017   4.312042     1.6990     1.8872     281.94    500.095    26.8580    26.8596    13.9647    13.9631    1512.95    1512.95     3.3743    146.753     3.3274    144.714    35.8580    35.8597 0.0000e+00
    777.146    505.000    14.0288    14.0283   4.310925   4.311095     1.6973     1.8853     281.54    501.086    26.8592    26.8609    13.9544    13.9539    1512.94    1512.94     3.3723    146.668     3.3258    144.644    35.8568    35.8589 0.0000e+00
    778.095    506.000    14.0018    14.0015   4.307827   4.308099     1.6959     1.8838     280.81    502.078    26.8617    26.8640    13.9273    13.9270    1512.86    1512.86     3.3708    146.604     3.3241    144.569    35.8526    35.8555 0.0000e+00
