data/raw_ctdprof/AB1502_profile_053.cnv
* Sea-Bird SBE 9 Data File:
* FileName = D:\ctd\raw\ab1502_053.hex
* Software Version Seasave V 7.23.2
* Temperature SN = 2958
* Conductivity SN = 3860
* Number of Bytes Per Scan = 41
* Number of Voltage Words = 4
* Number of Scans Averaged by the Deck Unit = 1
* NMEA Latitude = 26 02.91 N
* NMEA Longitude = 079 13.99 W
* NMEA UTC (Time) = Feb 26 2015 15:15:07
# nquan = 23
# nvalues = 314                         
# units = specified
# name 0 = timeS: Time, Elapsed [seconds]
# name 1 = prDM: Pressure, Digiquartz [db]
# name 2 = t090C: Temperature [ITS-90, deg C]
# name 3 = t190C: Temperature, 2 [ITS-90, deg C]
# name 4 = c0S/m: Conductivity [S/m]
# name 5 = c1S/m: Conductivity, 2 [S/m]
# name 6 = sbeox0V: Oxygen raw, SBE 43 [V]
# name 7 = sbeox1V: Oxygen raw, SBE 43, 2 [V]
# name 8 = altM: Altimeter [m]
# name 9 = depSM: Depth [salt water, m]
# name 10 = sigma-é00: Density [sigma-theta, kg/m^3]
# name 11 = sigma-é11: Density, 2 [sigma-theta, kg/m^3]
# name 12 = potemp090C: Potential Temperature [ITS-90, deg C]
# name 13 = potemp190C: Potential Temperature, 2 [ITS-90, deg C]
# name 14 = svCM: Sound Velocity [Chen-Millero, m/s]
# name 15 = svCM1: Sound Velocity, 2 [Chen-Millero, m/s]
# name 16 = sbeox0ML/L: Oxygen, SBE 43 [ml/l]
# name 17 = sbeox0Mm/Kg: Oxygen, SBE 43 [umol/kg]
# name 18 = sbeox1ML/L: Oxygen, SBE 43, 2 [ml/l]
# name 19 = sbeox1Mm/Kg: Oxygen, SBE 43, 2 [umol/kg]
# name 20 = sal00: Salinity, Practical [PSU]
# name 21 = sal11: Salinity, Practical, 2 [PSU]
# name 22 = flag:
# span 0 =    168.868,    653.316       
# span 1 =      4.000,    317.000       
# span 2 =    18.5940,    25.1916       
# span 3 =    18.5923,    25.1912       
# span 4 =   4.849523,   5.506586       
# span 5 =   4.849434,   5.506465       
# span 6 =     2.0261,     2.5451       
# span 7 =     2.2732,     2.8381       
# span 8 =       8.38,     311.23       
# span 9 =      3.974,    314.696       
# span 10 =    24.2806,    26.3425      
# span 11 =    24.2800,    26.3435      
# span 12 =    18.5378,    25.1887      
# span 13 =    18.5361,    25.1881      
# span 14 =    1524.24,    1537.38      
# span 15 =    1524.23,    1537.37      
# span 16 =     3.8181,     4.4150      
# span 17 =    166.269,    192.500      
# span 18 =     3.8045,     4.3901      
# span 19 =    165.674,    191.416      
# span 20 =    36.3188,    36.7983      
# span 21 =    36.3177,    36.8081      
# span 22 = 0.0000e+00, 0.0000e+00      
# interval = decibars: 1                
# start_time = Feb 26 2015 15:15:07 [NMEA time, header]
# bad_flag = -9.990e-29
*END*
[from data line 189]
    437.198    193.000    22.0529    22.0573   5.236167   5.236802     2.1465     2.3990     130.15    191.655    25.5693    25.5691    22.0143    22.0187    1532.19    1532.20     3.8183    166.272     3.8045    165.674    36.7830    36.7843 0.0000e+00
    438.308    194.000    21.8722    21.8770   5.217263   5.219068     2.1448     2.3967     129.23    192.647    25.6228    25.6293    21.8336    21.8385    1531.74    1531.76     3.8261    166.604     3.8108    165.937    36.7864    36.7966 0.0000e+00
    439.196    195.000    21.7262    21.7175   5.202134   5.201662     2.1429     2.3945     128.51    193.640    25.6667    25.6720    21.6877    21.6789    1531.38    1531.36     3.8303    166.782     3.8165    166.177    36.7901    36.7939 0.0000e+00
    440.374    196.000    21.6652    21.6545   5.195151   5.194257     2.1398     2.3919     127.53    194.632    25.6808    25.6854    21.6265    21.6158    1531.23    1531.20     3.8282    166.685     3.8169    166.194    36.7862    36.7883 0.0000e+00
    442.005    197.000    21.5774    21.5878   5.185326   5.186548     2.1363     2.3894     126.05    195.625    25.7026    25.7003    21.5386    21.5490    1531.01    1531.04     3.8279    166.671     3.8175    166.216    36.7825    36.7834 0.0000e+00
    443.561    198.000    21.4817    21.4825   5.175803   5.176009     2.1337     2.3874     124.58    196.618    25.7334    25.7338    21.4428    21.4436    1530.78    1530.78     3.8311    166.805     3.8213    166.378    36.7879    36.7888 0.0000e+00
    444.763    199.000    21.4331    21.4329   5.170973   5.170947     2.1328     2.3868     124.30    197.610    25.7488    25.7489    21.3941    21.3939    1530.67    1530.67     3.8365    167.037     3.8263    166.593    36.7904    36.7904 0.0000e+00
    445.707    200.000    21.4002    21.4017   5.167878   5.168120     2.1334     2.3876     124.09    198.603    25.7603    25.7605    21.3610    21.3625    1530.60    1530.61     3.8435    167.342     3.8321    166.845    36.7935    36.7942 0.0000e+00
    446.796    201.000    21.3624    21.3535   5.163975   5.163240     2.1348     2.3890     123.44    199.595    25.7715    25.7752    21.3231    21.3142    1530.52    1530.50     3.8515    167.685     3.8387    167.129    36.7943    36.7960 0.0000e+00
    448.371    202.000    21.3471    21.3385   5.162501   5.161512     2.1371     2.3909     122.03    200.588    25.7765    25.7784    21.3076    21.2990    1530.50    1530.47     3.8580    167.970     3.8440    167.358    36.7952    36.7947 0.0000e+00
    449.819    203.000    21.3109    21.3108   5.158691   5.158595     2.1383     2.3923     120.83    201.580    25.7866    25.7861    21.2713    21.2711    1530.42    1530.42     3.8611    168.104     3.8473    167.500    36.7953    36.7946 0.0000e+00
    450.844    204.000    21.2823    21.2849   5.155545   5.156116     2.1382     2.3921     120.11    202.573    25.7938    25.7948    21.2425    21.2451    1530.36    1530.37     3.8613    168.111     3.8472    167.494    36.7943    36.7966 0.0000e+00
    451.904    205.000    21.1995    21.2048   5.146858   5.147573     2.1375     2.3912     119.37    203.565    25.8174    25.8168    21.1596    21.1649    1530.15    1530.17     3.8643    168.238     3.8500    167.615    36.7952    36.7964 0.0000e+00
    453.223    206.000    21.1641    21.1643   5.143469   5.143431     2.1364     2.3901     118.46    204.558    25.8293    25.8289    21.1241    21.1243    1530.08    1530.08     3.8665    168.329     3.8522    167.706    36.7979    36.7975 0.0000e+00
    454.800    207.000    21.1364    21.1373   5.140599   5.140833     2.1369     2.3905     117.22    205.550    25.8372    25.8379    21.0962    21.0971    1530.02    1530.03     3.8736    168.636     3.8567    167.903    36.7983    36.7994 0.0000e+00
    456.251    208.000    21.0653    21.0664   5.132199   5.132479     2.1378     2.3908     116.19    206.543    25.8515    25.8523    21.0250    21.0261    1529.84    1529.85     3.8793    168.883     3.8608    168.078    36.7914    36.7927 0.0000e+00
    457.481    209.000    21.0074    21.0109   5.125170   5.125910     2.1371     2.3897     115.47    207.535    25.8620    25.8632    20.9670    20.9705    1529.70    1529.71     3.8786    168.850     3.8602    168.050    36.7842    36.7871 0.0000e+00
    458.462    210.000    20.9262    20.9173   5.116231   5.115467     2.1354     2.3878     114.88    208.528    25.8822    25.8859    20.8858    20.8768    1529.49    1529.47     3.8778    168.813     3.8615    168.103    36.7815    36.7831 0.0000e+00
    459.594    211.000    20.8819    20.8673   5.111386   5.110009     2.1324     2.3851     113.94    209.520    25.8934    25.8985    20.8413    20.8267    1529.39    1529.35     3.8725    168.581     3.8591    167.996    36.7802    36.7816 0.0000e+00
    461.152    212.000    20.8541    20.8570   5.108794   5.108897     2.1286     2.3820     112.33    210.513    25.9030    25.9009    20.8134    20.8162    1529.33    1529.34     3.8692    168.434     3.8563    167.874    36.7828    36.7812 0.0000e+00
    462.266    213.000    20.8285    20.8282   5.105819   5.105734     2.1273     2.3812     111.36    211.505    25.9083    25.9080    20.7875    20.7873    1529.28    1529.28     3.8709    168.508     3.8580    167.949    36.7805    36.7800 0.0000e+00
    463.329    214.000    20.8250    20.8248   5.105448   5.105356     2.1267     2.3804     110.50    212.498    25.9090    25.9086    20.7839    20.7837    1529.28    1529.28     3.8713    168.526     3.8563    167.874    36.7801    36.7796 0.0000e+00
    464.754    215.000    20.8202    20.8207   5.104887   5.104950     2.1258     2.3785     109.25    213.490    25.9098    25.9097    20.7788    20.7794    1529.29    1529.29     3.8682    168.390     3.8525    167.707    36.7794    36.7795 0.0000e+00
    466.350    216.000    20.8113    20.8113   5.103745   5.103716     2.1233     2.3767     107.98    214.483    25.9107    25.9106    20.7699    20.7698    1529.28    1529.28     3.8614    168.095     3.8507    167.629    36.7774    36.7772 0.0000e+00
    467.695    217.000    20.7988    20.7998   5.102170   5.102327     2.1212     2.3754     106.98    215.475    25.9124    25.9125    20.7572    20.7581    1529.26    1529.26     3.8588    167.979     3.8492    167.562    36.7751    36.7755 0.0000e+00
    468.796    218.000    20.7811    20.7811   5.100111   5.100149     2.1200     2.3743     106.15    216.467    25.9159    25.9162    20.7393    20.7393    1529.22    1529.22     3.8591    167.994     3.8487    167.542    36.7733    36.7736 0.0000e+00
    470.030    219.000    20.7557    20.7546   5.097169   5.097158     2.1190     2.3732     105.21    217.460    25.9212    25.9221    20.7137    20.7126    1529.17    1529.17     3.8591    167.992     3.8487    167.541    36.7711    36.7719 0.0000e+00
    471.263    220.000    20.7304    20.7310   5.094373   5.094477     2.1178     2.3721     104.35    218.452    25.9272    25.9273    20.6883    20.6889    1529.12    1529.12     3.8580    167.942     3.8483    167.524    36.7698    36.7702 0.0000e+00
    472.326    221.000    20.7132    20.7127   5.092396   5.092350     2.1167     2.3710     103.71    219.445    25.9308    25.9309    20.6708    20.6704    1529.09    1529.08     3.8574    167.915     3.8474    167.483    36.7683    36.7684 0.0000e+00
    473.482    222.000    20.7100    20.7088   5.092114   5.091956     2.1158     2.3697     103.07    220.437    25.9317    25.9318    20.6675    20.6663    1529.09    1529.09     3.8566    167.884     3.8451    167.382    36.7684    36.7681 0.0000e+00
    475.114    223.000    20.6867    20.6933   5.089515   5.090404     2.1147     2.3680     101.88    221.430    25.9371    25.9365    20.6441    20.6506    1529.05    1529.06     3.8556    167.840     3.8436    167.314    36.7670    36.7686 0.0000e+00
    476.661    224.000    20.6230    20.6252   5.082145   5.082579     2.1130     2.3664     100.46    222.422    25.9505    25.9511    20.5802    20.5825    1528.88    1528.89     3.8553    167.824     3.8446    167.356    36.7619    36.7635 0.0000e+00
    477.742    225.000    20.5861    20.5863   5.077899   5.078026     2.1115     2.3649      99.61    223.414    25.9583    25.9588    20.5432    20.5434    1528.80    1528.80     3.8545    167.788     3.8437    167.315    36.7589    36.7597 0.0000e+00
    479.001    226.000    20.5729    20.5722   5.076350   5.076244     2.1094     2.3629      98.59    224.407    25.9607    25.9606    20.5298    20.5292    1528.78    1528.77     3.8490    167.547     3.8414    167.216    36.7574    36.7571 0.0000e+00
    480.229    227.000    20.5226    20.5340   5.070620   5.072444     2.1067     2.3614      97.50    225.399    25.9716    25.9723    20.4794    20.4908    1528.65    1528.69     3.8456    167.395     3.8414    167.214    36.7538    36.7588 0.0000e+00
    481.382    228.000    20.4638    20.4622   5.063849   5.063805     2.1042     2.3599      96.54    226.392    25.9840    25.9853    20.4205    20.4189    1528.50    1528.50     3.8459    167.407     3.8433    167.296    36.7492    36.7503 0.0000e+00
    482.672    229.000    20.4280    20.4273   5.059719   5.059731     2.1025     2.3581      95.50    227.384    25.9913    25.9921    20.3846    20.3839    1528.42    1528.42     3.8475    167.477     3.8421    167.240    36.7462    36.7469 0.0000e+00
    483.940    230.000    20.4247    20.4273   5.059435   5.059769     2.1014     2.3562      94.51    228.376    25.9925    25.9921    20.3810    20.3837    1528.43    1528.44     3.8454    167.387     3.8387    167.094    36.7464    36.7468 0.0000e+00
    485.050    231.000    20.4062    20.3974   5.057333   5.056201     2.1001     2.3546      93.72    229.369    25.9964    25.9974    20.3624    20.3537    1528.39    1528.37     3.8436    167.306     3.8373    167.033    36.7449    36.7432 0.0000e+00
    486.239    232.000    20.4037    20.4103   5.057172   5.057904     2.0987     2.3526      92.87    230.361    25.9975    25.9958    20.3597    20.3664    1528.40    1528.42     3.8410    167.192     3.8328    166.837    36.7454    36.7456 0.0000e+00
    487.456    233.000    20.3960    20.3958   5.056261   5.056232     2.0973     2.3511      91.84    231.354    25.9987    25.9988    20.3518    20.3516    1528.40    1528.40     3.8388    167.097     3.8326    166.827    36.7443    36.7442 0.0000e+00
    488.791    234.000    20.3897    20.3871   5.055559   5.055233     2.0961     2.3500      90.80    232.346    26.0000    26.0004    20.3454    20.3427    1528.40    1528.39     3.8376    167.046     3.8313    166.770    36.7436    36.7432 0.0000e+00
    490.298    235.000    20.3624    20.3656   5.052575   5.053090     2.0949     2.3485      89.67    233.338    26.0065    26.0068    20.3179    20.3211    1528.34    1528.35     3.8371    167.022     3.8293    166.684    36.7425    36.7440 0.0000e+00
    491.409    236.000    20.3221    20.3253   5.047903   5.048387     2.0940     2.3471      88.68    234.331    26.0146    26.0147    20.2775    20.2807    1528.24    1528.25     3.8391    167.108     3.8290    166.669    36.7389    36.7401 0.0000e+00
    492.366    237.000    20.3165    20.3158   5.047263   5.047206     2.0936     2.3456      87.85    235.323    26.0157    26.0159    20.2717    20.2711    1528.24    1528.24     3.8400    167.147     3.8267    166.567    36.7382    36.7383 0.0000e+00
    493.758    238.000    20.3156    20.3087   5.047106   5.046353     2.0931     2.3436      86.70    236.315    26.0152    26.0170    20.2707    20.2638    1528.25    1528.23     3.8384    167.078     3.8237    166.436    36.7373    36.7371 0.0000e+00
    495.350    239.000    20.2785    20.2835   5.043019   5.044047     2.0917     2.3415      85.52    237.308    26.0241    26.0258    20.2334    20.2384    1528.17    1528.18     3.8363    166.984     3.8218    166.353    36.7358    36.7398 0.0000e+00
    496.333    240.000    20.2284    20.2308   5.037120   5.037381     2.0905     2.3404      84.85    238.300    26.0336    26.0329    20.1832    20.1856    1528.04    1528.05     3.8373    167.027     3.8239    166.441    36.7306    36.7306 0.0000e+00
    497.263    241.000    20.2104    20.2103   5.035011   5.035072     2.0893     2.3395      84.15    239.292    26.0369    26.0374    20.1650    20.1649    1528.00    1528.01     3.8359    166.966     3.8238    166.437    36.7286    36.7292 0.0000e+00
    498.559    242.000    20.1996    20.1915   5.033672   5.032717     2.0875     2.3381      83.04    240.285    26.0384    26.0399    20.1540    20.1459    1527.99    1527.97     3.8327    166.826     3.8226    166.384    36.7266    36.7258 0.0000e+00
    500.260    243.000    20.1860    20.1858   5.032156   5.032190     2.0853     2.3363      81.66    241.277    26.0412    26.0416    20.1403    20.1401    1527.97    1527.97     3.8300    166.708     3.8199    166.268    36.7256    36.7260 0.0000e+00
    501.445    244.000    20.1855    20.1843   5.032153   5.032007     2.0844     2.3353      80.70    242.269    26.0415    26.0417    20.1396    20.1384    1527.98    1527.98     3.8296    166.687     3.8186    166.212    36.7256    36.7255 0.0000e+00
    502.415    245.000    20.1823    20.1811   5.031734   5.031581     2.0839     2.3345      79.91    243.262    26.0416    26.0418    20.1363    20.1350    1527.99    1527.99     3.8295    166.684     3.8177    166.170    36.7246    36.7245 0.0000e+00
    503.812    246.000    20.1836    20.1793   5.031900   5.031330     2.0833     2.3335      78.76    244.254    26.0412    26.0416    20.1374    20.1330    1528.01    1528.00     3.8286    166.644     3.8167    166.130    36.7245    36.7236 0.0000e+00
    505.207    247.000    20.1705    20.1702   5.030284   5.030291     2.0825     2.3330      77.66    245.246    26.0431    26.0434    20.1240    20.1238    1527.99    1527.99     3.8269    166.572     3.8175    166.164    36.7223    36.7226 0.0000e+00
    506.125    248.000    20.1572    20.1571   5.028746   5.028819     2.0818     2.3328      76.93    246.239    26.0456    26.0461    20.1106    20.1105    1527.97    1527.97     3.8274    166.594     3.8182    166.192    36.7208    36.7215 0.0000e+00
    507.176    249.000    20.1483    20.1477   5.027697   5.027648     2.0814     2.3325      76.07    247.231    26.0470    26.0473    20.1015    20.1009    1527.96    1527.96     3.8290    166.660     3.8186    166.210    36.7196    36.7198 0.0000e+00
    508.436    250.000    20.1268    20.1236   5.025184   5.024926     2.0815     2.3321      75.05    248.223    26.0511    26.0524    20.0798    20.0767    1527.91    1527.90     3.8322    166.801     3.8199    166.267    36.7174    36.7180 0.0000e+00
    509.601    251.000    20.0936    20.0919   5.021393   5.021308     2.0816     2.3317      74.14    249.216    26.0580    26.0590    20.0465    20.0448    1527.84    1527.83     3.8354    166.940     3.8216    166.337    36.7147    36.7155 0.0000e+00
    511.131    252.000    20.0724    20.0670   5.018947   5.018402     2.0816     2.3311      73.02    250.208    26.0621    26.0637    20.0252    20.0198    1527.79    1527.78     3.8362    166.971     3.8221    166.357    36.7127    36.7129 0.0000e+00
    512.747    253.000    20.0294    20.0296   5.014073   5.014335     2.0810     2.3304      71.90    251.200    26.0713    26.0728    19.9821    19.9822    1527.69    1527.69     3.8377    167.037     3.8235    166.421    36.7096    36.7117 0.0000e+00
    513.840    254.000    19.9986    19.9939   5.010420   5.009911     2.0805     2.3298      71.17    252.192    26.0768    26.0780    19.9511    19.9464    1527.61    1527.60     3.8397    167.124     3.8249    166.480    36.7060    36.7060 0.0000e+00
