data/raw_ctdprof/AB1502_profile_018.cnv
* Sea-Bird SBE 9 Data File:
* FileName = D:\ctd\raw\ab1502_018.hex
* Software Version Seasave V 7.23.2
* Temperature SN = 2958
* Conductivity SN = 3860
* Number of Bytes Per Scan = 41
* Number of Voltage Words = 4
* Number of Scans Averaged by the Deck Unit = 1
* NMEA Latitude = 26 29.86 N
* NMEA Longitude = 075 42.05 W
* NMEA UTC (Time) = Feb 21 2015 03:01:04
# nquan = 23
# nvalues = 4763                        
# units = specified
# name 0 = timeS: Time, Elapsed [seconds]
# name 1 = prDM: Pressure, Digiquartz [db]
# name 2 = t090C: Temperature [ITS-90, deg C]
# name 3 = t190C: Temperature, 2 [ITS-90, deg C]
# name 4 = c0S/m: Conductivity [S/m]
# name 5 = c1S/m: Conductivity, 2 [S/m]
# name 6 = sbeox0V: Oxygen raw, SBE 43 [V]
# name 7 = sbeox1V: Oxygen raw, SBE 43, 2 [V]
# name 8 = altM: Altimeter [m]
# name 9 = depSM: Depth [salt water, m]
# name 10 = sigma-é00: Density [sigma-theta, kg/m^3]
# name 11 = sigma-é11: Density, 2 [sigma-theta, kg/m^3]
# name 12 = potemp090C: Potential Temperature [ITS-90, deg C]
# name 13 = potemp190C: Potential Temperature, 2 [ITS-90, deg C]
# name 14 = svCM: Sound Velocity [Chen-Millero, m/s]
# name 15 = svCM1: Sound Velocity, 2 [Chen-Millero, m/s]
# name 16 = sbeox0ML/L: Oxygen, SBE 43 [ml/l]
# name 17 = sbeox0Mm/Kg: Oxygen, SBE 43 [umol/kg]
# name 18 = sbeox1ML/L: Oxygen, SBE 43, 2 [ml/l]
# name 19 = sbeox1Mm/Kg: Oxygen, SBE 43, 2 [umol/kg]
# name 20 = sal00: Salinity, Practical [PSU]
# name 21 = sal11: Salinity, Practical, 2 [PSU]
# name 22 = flag:
# span 0 =    172.636,   4976.814       
# span 1 =      4.000,   4766.000       
# span 2 =     2.1845,    23.5022       
# span 3 =     2.1831,    23.5014       
# span 4 =   3.240506,   5.374091       
# span 5 =   3.240509,   5.373946       
# span 6 =     1.3303,     2.5556       
# span 7 =     1.4760,     2.8346       
# span 8 =      10.01,     310.17       
# span 9 =      3.974,   4682.541       
# span 10 =    25.0751,    27.8907      
# span 11 =    25.0746,    27.8917      
# span 12 =     1.7551,    23.4991      
# span 13 =     1.7538,    23.4986      
# span 14 =    1490.15,    1539.21      
# span 15 =    1490.15,    1539.21      
# span 16 =     2.9637,     5.7435      
# span 17 =    128.856,    249.547      
# span 18 =     2.9192,     5.7060      
# span 19 =    126.921,    247.916      
# span 20 =    34.8722,    36.7442      
# span 21 =    34.8736,    36.7459      
# span 22 = 0.0000e+00, 0.0000e+00      
# interval = decibars: 1                
# start_time = Feb 21 2015 03:01:04 [NMEA time, header]
# bad_flag = -9.990e-29
*END*
[from data line 2268]
   2516.416   2272.000     3.2506     3.2489   3.281722   3.281710     1.7214     1.9283     256.90   2244.974    27.8390    27.8406     3.0685     3.0667    1501.12    1501.12     5.6446    245.262     5.5958    243.138    34.9502    34.9519 0.0000e+00
   2517.328   2273.000     3.2464     3.2453   3.281371   3.281418     1.7211     1.9281     257.94   2245.957    27.8392    27.8407     3.0643     3.0632    1501.12    1501.12     5.6434    245.210     5.5952    243.114    34.9499    34.9517 0.0000e+00
   2518.034   2274.000     3.2459     3.2446   3.281356   3.281394     1.7209     1.9280     258.37   2246.940    27.8392    27.8408     3.0636     3.0624    1501.14    1501.13     5.6424    245.163     5.5943    243.076    34.9499    34.9517 0.0000e+00
   2518.673   2275.000     3.2429     3.2419   3.281140   3.281212     1.7207     1.9278     258.46   2247.923    27.8396    27.8412     3.0606     3.0596    1501.14    1501.14     5.6422    245.154     5.5945    243.083    34.9500    34.9519 0.0000e+00
   2519.311   2276.000     3.2417     3.2404   3.281046   3.281076     1.7205     1.9277     258.28   2248.906    27.8394    27.8410     3.0594     3.0580    1501.15    1501.15     5.6415    245.127     5.5956    243.131    34.9496    34.9514 0.0000e+00
   2520.013   2277.000     3.2415     3.2402   3.281064   3.281097     1.7202     1.9275     257.83   2249.888    27.8394    27.8410     3.0590     3.0577    1501.17    1501.17     5.6405    245.083     5.5970    243.193    34.9496    34.9514 0.0000e+00
   2520.959   2278.000     3.2401     3.2389   3.280972   3.281009     1.7198     1.9274     257.43   2250.871    27.8395    27.8410     3.0576     3.0563    1501.18    1501.18     5.6406    245.084     5.5987    243.264    34.9495    34.9513 0.0000e+00
   2522.454   2279.000     3.2411     3.2382   3.281079   3.280980     1.7193     1.9273     255.95   2251.854    27.8392    27.8410     3.0584     3.0556    1501.20    1501.19     5.6408    245.093     5.5999    243.318    34.9493    34.9512 0.0000e+00
   2523.688   2280.000     3.2387     3.2375   3.280916   3.280957     1.7190     1.9272     253.80   2252.837    27.8396    27.8411     3.0560     3.0548    1501.21    1501.21     5.6405    245.081     5.6005    243.342    34.9494    34.9512 0.0000e+00
   2524.548   2281.000     3.2370     3.2360   3.280813   3.280877     1.7188     1.9272     252.87   2253.820    27.8398    27.8414     3.0542     3.0532    1501.22    1501.22     5.6396    245.041     5.6008    243.358    34.9495    34.9513 0.0000e+00
   2525.344   2282.000     3.2350     3.2339   3.280664   3.280713     1.7185     1.9271     252.44   2254.802    27.8399    27.8414     3.0521     3.0511    1501.23    1501.22     5.6391    245.020     5.6009    243.359    34.9494    34.9511 0.0000e+00
   2526.214   2283.000     3.2347     3.2335   3.280674   3.280713     1.7182     1.9270     252.34   2255.785    27.8399    27.8414     3.0518     3.0506    1501.24    1501.24     5.6389    245.011     5.5996    243.304    34.9493    34.9511 0.0000e+00
   2527.374   2284.000     3.2345     3.2333   3.280700   3.280748     1.7179     1.9267     252.78   2256.768    27.8400    27.8415     3.0515     3.0503    1501.26    1501.25     5.6395    245.037     5.5970    243.193    34.9494    34.9512 0.0000e+00
   2528.766   2285.000     3.2347     3.2335   3.280766   3.280802     1.7176     1.9263     253.59   2257.751    27.8400    27.8415     3.0516     3.0504    1501.28    1501.27     5.6414    245.119     5.5961    243.151    34.9495    34.9512 0.0000e+00
   2529.733   2286.000     3.2347     3.2335   3.280844   3.280879     1.7175     1.9260     253.89   2258.734    27.8405    27.8419     3.0514     3.0503    1501.29    1501.29     5.6423    245.162     5.5963    243.160    34.9500    34.9517 0.0000e+00
   2530.487   2287.000     3.2338     3.2327   3.280800   3.280831     1.7175     1.9258     253.96   2259.717    27.8404    27.8418     3.0505     3.0494    1501.31    1501.30     5.6431    245.193     5.5963    243.159    34.9499    34.9515 0.0000e+00
   2531.173   2288.000     3.2334     3.2322   3.280792   3.280833     1.7174     1.9257     253.92   2260.699    27.8405    27.8419     3.0500     3.0488    1501.32    1501.32     5.6438    245.223     5.5961    243.153    34.9498    34.9515 0.0000e+00
   2531.878   2289.000     3.2328     3.2316   3.280799   3.280833     1.7174     1.9255     253.86   2261.682    27.8406    27.8421     3.0494     3.0482    1501.34    1501.33     5.6445    245.255     5.5956    243.131    34.9500    34.9517 0.0000e+00
   2532.708   2290.000     3.2316     3.2304   3.280711   3.280759     1.7173     1.9252     253.83   2262.665    27.8406    27.8422     3.0480     3.0468    1501.35    1501.34     5.6449    245.273     5.5940    243.061    34.9498    34.9516 0.0000e+00
   2533.933   2291.000     3.2306     3.2294   3.280655   3.280695     1.7172     1.9247     253.80   2263.648    27.8406    27.8422     3.0470     3.0457    1501.36    1501.36     5.6445    245.254     5.5918    242.965    34.9497    34.9515 0.0000e+00
   2535.383   2292.000     3.2304     3.2292   3.280671   3.280708     1.7170     1.9241     253.81   2264.630    27.8406    27.8421     3.0466     3.0454    1501.38    1501.37     5.6435    245.212     5.5917    242.962    34.9497    34.9514 0.0000e+00
   2536.464   2293.000     3.2301     3.2290   3.280699   3.280738     1.7168     1.9238     253.87   2265.613    27.8408    27.8422     3.0463     3.0451    1501.39    1501.39     5.6424    245.166     5.5926    243.001    34.9498    34.9515 0.0000e+00
   2537.428   2294.000     3.2295     3.2284   3.280701   3.280730     1.7166     1.9235     253.94   2266.596    27.8410    27.8423     3.0456     3.0445    1501.41    1501.40     5.6406    245.088     5.5923    242.987    34.9500    34.9515 0.0000e+00
   2538.343   2295.000     3.2283     3.2271   3.280615   3.280654     1.7163     1.9233     254.02   2267.579    27.8410    27.8424     3.0443     3.0432    1501.42    1501.41     5.6395    245.038     5.5915    242.953    34.9498    34.9515 0.0000e+00
   2539.202   2296.000     3.2267     3.2255   3.280509   3.280552     1.7160     1.9230     254.09   2268.562    27.8410    27.8425     3.0427     3.0415    1501.43    1501.42     5.6395    245.037     5.5920    242.973    34.9497    34.9515 0.0000e+00
   2540.022   2297.000     3.2248     3.2236   3.280378   3.280422     1.7158     1.9228     254.14   2269.544    27.8412    27.8427     3.0407     3.0395    1501.44    1501.43     5.6398    245.050     5.5932    243.028    34.9497    34.9515 0.0000e+00
   2540.865   2298.000     3.2238     3.2222   3.280317   3.280323     1.7156     1.9226     254.17   2270.527    27.8413    27.8428     3.0396     3.0380    1501.45    1501.44     5.6403    245.072     5.5942    243.069    34.9496    34.9513 0.0000e+00
   2541.909   2299.000     3.2226     3.2213   3.280229   3.280253     1.7154     1.9224     254.19   2271.510    27.8411    27.8426     3.0384     3.0370    1501.46    1501.46     5.6415    245.125     5.5942    243.068    34.9493    34.9510 0.0000e+00
   2543.295   2300.000     3.2232     3.2218   3.280330   3.280353     1.7152     1.9221     254.06   2272.492    27.8412    27.8427     3.0388     3.0375    1501.48    1501.48     5.6431    245.193     5.5915    242.952    34.9494    34.9511 0.0000e+00
   2544.347   2301.000     3.2222     3.2211   3.280280   3.280326     1.7151     1.9217     253.38   2273.475    27.8412    27.8428     3.0378     3.0366    1501.49    1501.49     5.6434    245.207     5.5888    242.835    34.9494    34.9512 0.0000e+00
   2545.126   2302.000     3.2221     3.2209   3.280302   3.280354     1.7150     1.9214     252.78   2274.458    27.8412    27.8428     3.0375     3.0364    1501.51    1501.51     5.6435    245.212     5.5879    242.797    34.9493    34.9512 0.0000e+00
   2545.896   2303.000     3.2218     3.2206   3.280315   3.280358     1.7149     1.9211     252.09   2275.441    27.8412    27.8428     3.0371     3.0360    1501.52    1501.52     5.6439    245.228     5.5875    242.779    34.9493    34.9511 0.0000e+00
   2546.773   2304.000     3.2217     3.2205   3.280336   3.280387     1.7148     1.9207     251.82   2276.424    27.8412    27.8428     3.0369     3.0358    1501.54    1501.54     5.6447    245.262     5.5879    242.797    34.9492    34.9511 0.0000e+00
   2547.819   2305.000     3.2214     3.2201   3.280357   3.280376     1.7147     1.9204     252.56   2277.406    27.8413    27.8427     3.0366     3.0353    1501.56    1501.55     5.6459    245.315     5.5893    242.855    34.9493    34.9509 0.0000e+00
   2548.898   2306.000     3.2209     3.2198   3.280341   3.280387     1.7147     1.9201     253.08   2278.389    27.8413    27.8427     3.0359     3.0349    1501.57    1501.57     5.6463    245.333     5.5896    242.870    34.9492    34.9509 0.0000e+00
   2549.863   2307.000     3.2200     3.2189   3.280305   3.280351     1.7146     1.9199     252.91   2279.372    27.8414    27.8429     3.0350     3.0339    1501.58    1501.58     5.6460    245.321     5.5892    242.851    34.9492    34.9510 0.0000e+00
   2550.865   2308.000     3.2191     3.2180   3.280259   3.280308     1.7145     1.9196     252.21   2280.354    27.8414    27.8429     3.0340     3.0329    1501.60    1501.59     5.6447    245.265     5.5885    242.823    34.9492    34.9509 0.0000e+00
   2552.405   2309.000     3.2189     3.2175   3.280265   3.280298     1.7141     1.9192     251.84   2281.337    27.8412    27.8429     3.0337     3.0324    1501.61    1501.61     5.6413    245.116     5.5896    242.868    34.9489    34.9508 0.0000e+00
   2553.737   2310.000     3.2190     3.2179   3.280336   3.280372     1.7137     1.9190     252.43   2282.320    27.8415    27.8428     3.0337     3.0327    1501.63    1501.63     5.6376    244.953     5.5909    242.926    34.9492    34.9508 0.0000e+00
   2554.383   2311.000     3.2191     3.2180   3.280379   3.280424     1.7134     1.9189     252.85   2283.302    27.8415    27.8429     3.0337     3.0326    1501.65    1501.64     5.6363    244.899     5.5916    242.956    34.9492    34.9509 0.0000e+00
   2554.930   2312.000     3.2179     3.2174   3.280325   3.280420     1.7132     1.9189     253.11   2284.285    27.8417    27.8430     3.0324     3.0320    1501.66    1501.66     5.6360    244.885     5.5921    242.978    34.9493    34.9510 0.0000e+00
   2555.458   2313.000     3.2160     3.2151   3.280182   3.280256     1.7129     1.9188     253.30   2285.268    27.8417    27.8433     3.0305     3.0295    1501.67    1501.67     5.6364    244.905     5.5927    243.002    34.9491    34.9510 0.0000e+00
   2556.028   2314.000     3.2154     3.2143   3.280162   3.280194     1.7127     1.9187     253.47   2286.250    27.8417    27.8431     3.0298     3.0287    1501.68    1501.68     5.6376    244.955     5.5928    243.006    34.9491    34.9507 0.0000e+00
   2556.779   2315.000     3.2142     3.2129   3.280074   3.280094     1.7125     1.9186     253.64   2287.233    27.8416    27.8431     3.0286     3.0272    1501.69    1501.69     5.6398    245.051     5.5931    243.020    34.9488    34.9505 0.0000e+00
   2559.300   2316.000     3.2160     3.2137   3.280279   3.280212     1.7123     1.9181     254.19   2288.216    27.8416    27.8431     3.0302     3.0279    1501.72    1501.71     5.6438    245.226     5.5885    242.823    34.9489    34.9506 0.0000e+00
   2560.736   2317.000     3.2146     3.2131   3.280207   3.280220     1.7123     1.9176     254.64   2289.198    27.8419    27.8433     3.0287     3.0272    1501.73    1501.73     5.6457    245.306     5.5843    242.637    34.9491    34.9508 0.0000e+00
   2561.438   2318.000     3.2122     3.2111   3.280038   3.280066     1.7123     1.9173     254.98   2290.181    27.8421    27.8434     3.0263     3.0252    1501.74    1501.73     5.6467    245.349     5.5836    242.609    34.9491    34.9506 0.0000e+00
   2562.092   2319.000     3.2116     3.2105   3.280012   3.280044     1.7123     1.9170     255.25   2291.164    27.8421    27.8434     3.0256     3.0244    1501.75    1501.75     5.6472    245.373     5.5842    242.632    34.9490    34.9506 0.0000e+00
   2562.730   2320.000     3.2111     3.2100   3.279992   3.280043     1.7123     1.9168     255.46   2292.146    27.8420    27.8435     3.0250     3.0239    1501.76    1501.76     5.6476    245.389     5.5854    242.688    34.9488    34.9506 0.0000e+00
   2563.374   2321.000     3.2099     3.2087   3.279933   3.279963     1.7123     1.9166     255.64   2293.129    27.8421    27.8436     3.0237     3.0225    1501.78    1501.77     5.6481    245.413     5.5870    242.754    34.9489    34.9505 0.0000e+00
   2564.041   2322.000     3.2088     3.2078   3.279860   3.279926     1.7122     1.9164     255.80   2294.112    27.8422    27.8437     3.0225     3.0216    1501.79    1501.79     5.6490    245.449     5.5884    242.815    34.9488    34.9505 0.0000e+00
   2564.796   2323.000     3.2064     3.2053   3.279672   3.279728     1.7122     1.9162     255.98   2295.094    27.8422    27.8437     3.0201     3.0190    1501.80    1501.79     5.6500    245.493     5.5900    242.886    34.9486    34.9503 0.0000e+00
   2566.149   2324.000     3.2058     3.2039   3.279632   3.279611     1.7121     1.9160     256.34   2296.077    27.8420    27.8436     3.0194     3.0176    1501.81    1501.80     5.6500    245.493     5.5908    242.923    34.9482    34.9499 0.0000e+00
   2568.275   2325.000     3.2079     3.2063   3.279887   3.279876     1.7120     1.9157     257.15   2297.060    27.8422    27.8435     3.0213     3.0198    1501.84    1501.83     5.6475    245.387     5.5891    242.846    34.9486    34.9501 0.0000e+00
   2569.177   2326.000     3.2038     3.2028   3.279554   3.279601     1.7118     1.9155     257.74   2298.042    27.8424    27.8438     3.0173     3.0163    1501.83    1501.83     5.6464    245.337     5.5882    242.809    34.9484    34.9501 0.0000e+00
   2569.964   2327.000     3.2034     3.2023   3.279558   3.279596     1.7116     1.9153     257.94   2299.025    27.8425    27.8438     3.0167     3.0157    1501.85    1501.85     5.6451    245.280     5.5869    242.751    34.9485    34.9501 0.0000e+00
   2570.669   2328.000     3.2028     3.2017   3.279541   3.279579     1.7114     1.9151     257.76   2300.007    27.8425    27.8439     3.0161     3.0150    1501.86    1501.86     5.6445    245.253     5.5857    242.699    34.9484    34.9501 0.0000e+00
   2571.346   2329.000     3.2018     3.2006   3.279489   3.279531     1.7112     1.9148     257.32   2300.990    27.8426    27.8441     3.0150     3.0138    1501.88    1501.87     5.6444    245.251     5.5857    242.699    34.9484    34.9502 0.0000e+00
   2572.082   2330.000     3.2008     3.1997   3.279444   3.279472     1.7109     1.9146     257.04   2301.973    27.8428    27.8440     3.0139     3.0128    1501.89    1501.89     5.6446    245.260     5.5871    242.761    34.9485    34.9500 0.0000e+00
   2573.111   2331.000     3.1994     3.1983   3.279341   3.279385     1.7107     1.9144     257.53   2302.955    27.8426    27.8441     3.0125     3.0114    1501.90    1501.90     5.6449    245.272     5.5893    242.856    34.9482    34.9499 0.0000e+00
   2574.600   2332.000     3.1972     3.1961   3.279174   3.279222     1.7103     1.9142     257.58   2303.938    27.8428    27.8443     3.0101     3.0091    1501.91    1501.91     5.6446    245.259     5.5918    242.963    34.9481    34.9498 0.0000e+00
   2575.551   2333.000     3.1955     3.1944   3.279064   3.279111     1.7101     1.9141     256.80   2304.920    27.8430    27.8444     3.0084     3.0073    1501.92    1501.91     5.6438    245.224     5.5930    243.015    34.9482    34.9498 0.0000e+00
