data/raw_ctdprof/AB1502_profile_018.cnv
* Sea-Bird SBE 9 Data File:
* FileName = D:\ctd\raw\ab1502_018.hex
* Software Version Seasave V 7.23.2
* Temperature SN = 2958
* Conductivity SN = 3860
* Number of Bytes Per Scan = 41
* Number of Voltage Words = 4
* Number of Scans Averaged by the Deck Unit = 1
* NMEA Latitude = 26 29.86 N
* NMEA Longitude = 075 42.05 W
* NMEA UTC (Time) = Feb 21 2015 03:01:04
# nquan = 23
# nvalues = 4763                        
# units = specified
# name 0 = timeS: Time, Elapsed [seconds]
# name 1 = prDM: Pressure, Digiquartz [db]
# name 2 = t090C: Temperature [ITS-90, deg C]
# name 3 = t190C: Temperature, 2 [ITS-90, deg C]
# name 4 = c0S/m: Conductivity [S/m]
# name 5 = c1S/m: Conductivity, 2 [S/m]
# name 6 = sbeox0V: Oxygen raw, SBE 43 [V]
# name 7 = sbeox1V: Oxygen raw, SBE 43, 2 [V]
# name 8 = altM: Altimeter [m]
# name 9 = depSM: Depth [salt water, m]
# name 10 = sigma-é00: Density [sigma-theta, kg/m^3]
# name 11 = sigma-é11: Density, 2 [sigma-theta, kg/m^3]
# name 12 = potemp090C: Potential Temperature [ITS-90, deg C]
# name 13 = potemp190C: Potential Temperature, 2 [ITS-90, deg C]
# name 14 = svCM: Sound Velocity [Chen-Millero, m/s]
# name 15 = svCM1: Sound Velocity, 2 [Chen-Millero, m/s]
# name 16 = sbeox0ML/L: Oxygen, SBE 43 [ml/l]
# name 17 = sbeox0Mm/Kg: Oxygen, SBE 43 [umol/kg]
# name 18 = sbeox1ML/L: Oxygen, SBE 43, 2 [ml/l]
# name 19 = sbeox1Mm/Kg: Oxygen, SBE 43, 2 [umol/kg]
# name 20 = sal00: Salinity, Practical [PSU]
# name 21 = sal11: Salinity, Practical, 2 [PSU]
# name 22 = flag:
# span 0 =    172.636,   4976.814       
# span 1 =      4.000,   4766.000       
# span 2 =     2.1845,    23.5022       
# span 3 =     2.1831,    23.5014       
# span 4 =   3.240506,   5.374091       
# span 5 =   3.240509,   5.373946       
# span 6 =     1.3303,     2.5556       
# span 7 =     1.4760,     2.8346       
# span 8 =      10.01,     310.17       
# span 9 =      3.974,   4682.541       
# span 10 =    25.0751,    27.8907      
# span 11 =    25.0746,    27.8917      
# span 12 =     1.7551,    23.4991      
# span 13 =     1.7538,    23.4986      
# span 14 =    1490.15,    1539.21      
# span 15 =    1490.15,    1539.21      
# span 16 =     2.9637,     5.7435      
# span 17 =    128.856,    249.547      
# span 18 =     2.9192,     5.7060      
# span 19 =    126.921,    247.916      
# span 20 =    34.8722,    36.7442      
# span 21 =    34.8736,    36.7459      
# span 22 = 0.0000e+00, 0.0000e+00      
# interval = decibars: 1                
# start_time = Feb 21 2015 03:01:04 [NMEA time, header]
# bad_flag = -9.990e-29
*END*
[from data line 3087]
   3311.462   3091.000     2.5109     2.5101   3.244413   3.244452     1.5954     1.7830     264.59   3048.439    27.8782    27.8794     2.2616     2.2607    1511.81    1511.80     5.7385    249.332     5.6959    247.478    34.9100    34.9114 0.0000e+00
   3312.558   3092.000     2.5086     2.5078   3.244229   3.244264     1.5951     1.7827     264.40   3049.419    27.8783    27.8793     2.2592     2.2584    1511.81    1511.81     5.7374    249.282     5.6964    247.501    34.9098    34.9110 0.0000e+00
   3313.487   3093.000     2.5071     2.5062   3.244125   3.244159     1.5949     1.7826     263.93   3050.398    27.8783    27.8795     2.2576     2.2568    1511.82    1511.82     5.7374    249.281     5.6969    247.524    34.9097    34.9110 0.0000e+00
   3314.334   3094.000     2.5069     2.5060   3.244142   3.244175     1.5947     1.7824     263.27   3051.377    27.8783    27.8794     2.2573     2.2564    1511.84    1511.84     5.7376    249.290     5.6975    247.551    34.9097    34.9110 0.0000e+00
   3315.165   3095.000     2.5065     2.5054   3.244141   3.244156     1.5946     1.7823     262.73   3052.356    27.8783    27.8795     2.2568     2.2558    1511.86    1511.85     5.7381    249.312     5.6985    247.594    34.9096    34.9109 0.0000e+00
   3316.031   3096.000     2.5056     2.5047   3.244098   3.244117     1.5944     1.7822     262.33   3053.335    27.8784    27.8795     2.2559     2.2549    1511.87    1511.87     5.7389    249.347     5.6997    247.642    34.9096    34.9108 0.0000e+00
   3316.952   3097.000     2.5051     2.5042   3.244082   3.244100     1.5943     1.7821     262.01   3054.314    27.8784    27.8794     2.2552     2.2543    1511.88    1511.88     5.7396    249.378     5.7003    247.669    34.9095    34.9107 0.0000e+00
   3317.895   3098.000     2.5046     2.5037   3.244071   3.244098     1.5941     1.7819     261.70   3055.294    27.8784    27.8795     2.2546     2.2537    1511.90    1511.90     5.7400    249.398     5.7007    247.686    34.9095    34.9107 0.0000e+00
   3318.847   3099.000     2.5041     2.5031   3.244049   3.244066     1.5940     1.7818     261.19   3056.273    27.8783    27.8794     2.2540     2.2531    1511.91    1511.91     5.7398    249.388     5.7012    247.710    34.9093    34.9105 0.0000e+00
   3319.975   3100.000     2.5034     2.5024   3.244016   3.244053     1.5938     1.7817     259.97   3057.252    27.8783    27.8795     2.2533     2.2523    1511.93    1511.92     5.7392    249.360     5.7021    247.747    34.9092    34.9106 0.0000e+00
   3321.450   3101.000     2.5028     2.5018   3.244004   3.244035     1.5936     1.7816     257.42   3058.231    27.8784    27.8796     2.2526     2.2516    1511.94    1511.94     5.7387    249.339     5.7023    247.758    34.9092    34.9106 0.0000e+00
   3322.618   3102.000     2.5017     2.5007   3.243943   3.243983     1.5934     1.7815     256.40   3059.210    27.8785    27.8797     2.2514     2.2505    1511.95    1511.95     5.7388    249.345     5.7015    247.724    34.9092    34.9107 0.0000e+00
   3323.458   3103.000     2.5007     2.4997   3.243893   3.243928     1.5932     1.7814     256.25   3060.190    27.8785    27.8798     2.2504     2.2494    1511.97    1511.96     5.7387    249.341     5.7002    247.667    34.9091    34.9106 0.0000e+00
   3324.206   3104.000     2.4992     2.4983   3.243801   3.243838     1.5931     1.7812     256.02   3061.169    27.8787    27.8799     2.2487     2.2478    1511.98    1511.97     5.7384    249.325     5.6994    247.631    34.9093    34.9107 0.0000e+00
   3324.919   3105.000     2.4979     2.4970   3.243714   3.243745     1.5930     1.7810     255.71   3062.148    27.8787    27.8799     2.2474     2.2465    1511.99    1511.99     5.7381    249.312     5.7001    247.660    34.9091    34.9104 0.0000e+00
   3325.639   3106.000     2.4975     2.4966   3.243708   3.243738     1.5928     1.7809     255.30   3063.127    27.8787    27.8798     2.2469     2.2460    1512.00    1512.00     5.7376    249.291     5.7012    247.711    34.9090    34.9104 0.0000e+00
   3326.442   3107.000     2.4964     2.4956   3.243653   3.243687     1.5926     1.7808     255.02   3064.106    27.8788    27.8799     2.2457     2.2449    1512.02    1512.01     5.7372    249.275     5.7017    247.732    34.9090    34.9103 0.0000e+00
   3327.509   3108.000     2.4959     2.4950   3.243627   3.243663     1.5924     1.7806     255.10   3065.085    27.8787    27.8798     2.2451     2.2442    1512.03    1512.03     5.7381    249.312     5.7020    247.746    34.9089    34.9102 0.0000e+00
   3328.880   3109.000     2.4959     2.4949   3.243669   3.243693     1.5922     1.7804     256.00   3066.065    27.8787    27.8799     2.2450     2.2440    1512.05    1512.05     5.7387    249.339     5.7014    247.716    34.9089    34.9102 0.0000e+00
   3330.098   3110.000     2.4954     2.4945   3.243667   3.243697     1.5920     1.7802     257.44   3067.044    27.8788    27.8800     2.2444     2.2435    1512.06    1512.06     5.7392    249.362     5.6987    247.601    34.9090    34.9103 0.0000e+00
   3331.181   3111.000     2.4954     2.4945   3.243707   3.243736     1.5919     1.7798     258.68   3068.023    27.8789    27.8800     2.2443     2.2434    1512.08    1512.08     5.7389    249.349     5.6961    247.489    34.9090    34.9103 0.0000e+00
   3332.221   3112.000     2.4953     2.4944   3.243734   3.243762     1.5917     1.7795     260.04   3069.002    27.8789    27.8800     2.2441     2.2432    1512.10    1512.09     5.7380    249.310     5.6960    247.483    34.9090    34.9102 0.0000e+00
   3333.209   3113.000     2.4951     2.4942   3.243748   3.243784     1.5915     1.7792     261.30   3069.981    27.8788    27.8801     2.2438     2.2429    1512.11    1512.11     5.7367    249.253     5.6960    247.484    34.9089    34.9103 0.0000e+00
   3334.110   3114.000     2.4949     2.4940   3.243773   3.243800     1.5913     1.7790     262.03   3070.960    27.8789    27.8800     2.2435     2.2426    1512.13    1512.13     5.7360    249.220     5.6957    247.469    34.9090    34.9102 0.0000e+00
   3334.913   3115.000     2.4950     2.4940   3.243823   3.243847     1.5911     1.7788     262.42   3071.939    27.8790    27.8801     2.2435     2.2425    1512.15    1512.14     5.7353    249.190     5.6952    247.449    34.9090    34.9104 0.0000e+00
   3335.662   3116.000     2.4948     2.4938   3.243834   3.243871     1.5910     1.7785     262.62   3072.918    27.8789    27.8802     2.2432     2.2423    1512.16    1512.16     5.7348    249.170     5.6954    247.457    34.9089    34.9104 0.0000e+00
   3336.426   3117.000     2.4931     2.4923   3.243743   3.243764     1.5908     1.7784     262.71   3073.897    27.8792    27.8802     2.2415     2.2407    1512.17    1512.17     5.7351    249.184     5.6968    247.517    34.9091    34.9103 0.0000e+00
   3337.275   3118.000     2.4920     2.4911   3.243661   3.243682     1.5906     1.7782     262.67   3074.877    27.8791    27.8802     2.2403     2.2394    1512.18    1512.18     5.7362    249.231     5.6978    247.560    34.9089    34.9101 0.0000e+00
   3338.296   3119.000     2.4919     2.4911   3.243673   3.243708     1.5904     1.7780     262.42   3075.856    27.8790    27.8801     2.2401     2.2392    1512.20    1512.20     5.7371    249.268     5.6971    247.531    34.9087    34.9100 0.0000e+00
   3339.632   3120.000     2.4919     2.4911   3.243712   3.243742     1.5902     1.7777     261.64   3076.835    27.8790    27.8801     2.2400     2.2392    1512.22    1512.22     5.7367    249.252     5.6950    247.442    34.9087    34.9100 0.0000e+00
   3341.164   3121.000     2.4918     2.4910   3.243748   3.243775     1.5899     1.7773     260.65   3077.814    27.8791    27.8801     2.2398     2.2390    1512.23    1512.23     5.7341    249.140     5.6938    247.389    34.9088    34.9100 0.0000e+00
   3342.316   3122.000     2.4916     2.4907   3.243761   3.243790     1.5896     1.7769     260.11   3078.793    27.8791    27.8802     2.2394     2.2385    1512.25    1512.25     5.7319    249.042     5.6932    247.361    34.9088    34.9101 0.0000e+00
   3343.177   3123.000     2.4916     2.4907   3.243809   3.243829     1.5894     1.7767     259.55   3079.772    27.8792    27.8802     2.2394     2.2385    1512.27    1512.27     5.7311    249.010     5.6922    247.319    34.9089    34.9101 0.0000e+00
   3343.948   3124.000     2.4915     2.4907   3.243831   3.243863     1.5892     1.7765     258.84   3080.751    27.8791    27.8802     2.2392     2.2383    1512.28    1512.28     5.7319    249.044     5.6910    247.266    34.9088    34.9101 0.0000e+00
   3344.710   3125.000     2.4911     2.4903   3.243834   3.243870     1.5890     1.7762     257.90   3081.730    27.8792    27.8803     2.2386     2.2378    1512.30    1512.30     5.7337    249.121     5.6909    247.260    34.9088    34.9101 0.0000e+00
   3345.490   3126.000     2.4902     2.4893   3.243786   3.243824     1.5889     1.7760     257.15   3082.709    27.8792    27.8804     2.2377     2.2368    1512.31    1512.31     5.7356    249.205     5.6921    247.313    34.9087    34.9101 0.0000e+00
   3346.312   3127.000     2.4898     2.4888   3.243781   3.243805     1.5888     1.7758     256.87   3083.688    27.8792    27.8803     2.2372     2.2362    1512.33    1512.33     5.7368    249.255     5.6931    247.357    34.9087    34.9100 0.0000e+00
   3347.206   3128.000     2.4896     2.4888   3.243799   3.243838     1.5887     1.7756     257.14   3084.667    27.8792    27.8803     2.2369     2.2361    1512.34    1512.34     5.7371    249.268     5.6933    247.364    34.9086    34.9100 0.0000e+00
   3348.199   3129.000     2.4895     2.4886   3.243821   3.243847     1.5886     1.7754     257.90   3085.646    27.8791    27.8803     2.2367     2.2358    1512.36    1512.36     5.7364    249.240     5.6930    247.355    34.9085    34.9098 0.0000e+00
   3349.325   3130.000     2.4889     2.4880   3.243804   3.243844     1.5885     1.7751     258.43   3086.625    27.8792    27.8804     2.2360     2.2351    1512.38    1512.37     5.7345    249.154     5.6929    247.350    34.9085    34.9100 0.0000e+00
   3350.717   3131.000     2.4879     2.4869   3.243737   3.243765     1.5881     1.7749     258.90   3087.604    27.8791    27.8803     2.2349     2.2339    1512.39    1512.39     5.7323    249.059     5.6944    247.413    34.9083    34.9098 0.0000e+00
   3352.060   3132.000     2.4869     2.4856   3.243682   3.243690     1.5878     1.7747     259.21   3088.583    27.8792    27.8805     2.2338     2.2326    1512.40    1512.40     5.7313    249.017     5.6964    247.502    34.9083    34.9098 0.0000e+00
   3353.017   3133.000     2.4857     2.4848   3.243618   3.243657     1.5876     1.7746     259.31   3089.563    27.8793    27.8805     2.2326     2.2317    1512.41    1512.41     5.7311    249.007     5.6976    247.553    34.9083    34.9098 0.0000e+00
   3353.821   3134.000     2.4845     2.4836   3.243539   3.243571     1.5874     1.7746     259.35   3090.542    27.8794    27.8805     2.2313     2.2304    1512.42    1512.42     5.7317    249.034     5.6984    247.586    34.9082    34.9096 0.0000e+00
   3354.591   3135.000     2.4835     2.4826   3.243485   3.243512     1.5872     1.7745     259.35   3091.521    27.8794    27.8805     2.2302     2.2293    1512.44    1512.43     5.7330    249.093     5.6986    247.598    34.9082    34.9095 0.0000e+00
   3355.407   3136.000     2.4821     2.4813   3.243398   3.243433     1.5871     1.7745     259.30   3092.500    27.8795    27.8806     2.2287     2.2279    1512.45    1512.45     5.7345    249.156     5.6987    247.601    34.9082    34.9095 0.0000e+00
   3356.320   3137.000     2.4814     2.4805   3.243347   3.243391     1.5870     1.7743     259.20   3093.479    27.8793    27.8806     2.2279     2.2271    1512.46    1512.46     5.7364    249.240     5.6987    247.602    34.9079    34.9093 0.0000e+00
   3357.288   3138.000     2.4807     2.4798   3.243340   3.243358     1.5870     1.7742     259.00   3094.458    27.8795    27.8806     2.2272     2.2263    1512.48    1512.47     5.7382    249.317     5.6989    247.608    34.9080    34.9092 0.0000e+00
   3358.168   3139.000     2.4805     2.4795   3.243339   3.243375     1.5869     1.7741     258.70   3095.437    27.8794    27.8806     2.2269     2.2259    1512.49    1512.49     5.7384    249.328     5.6980    247.570    34.9078    34.9093 0.0000e+00
   3358.995   3140.000     2.4806     2.4797   3.243394   3.243427     1.5869     1.7740     258.34   3096.416    27.8795    27.8807     2.2268     2.2259    1512.51    1512.51     5.7377    249.295     5.6977    247.555    34.9080    34.9093 0.0000e+00
   3359.975   3141.000     2.4797     2.4787   3.243348   3.243370     1.5868     1.7738     257.99   3097.395    27.8795    27.8807     2.2259     2.2249    1512.52    1512.52     5.7372    249.275     5.6982    247.579    34.9079    34.9092 0.0000e+00
   3361.536   3142.000     2.4806     2.4776   3.243450   3.243303     1.5866     1.7736     257.59   3098.374    27.8794    27.8807     2.2266     2.2237    1512.54    1512.53     5.7359    249.219     5.6982    247.577    34.9078    34.9091 0.0000e+00
   3362.784   3143.000     2.4775     2.4766   3.243225   3.243261     1.5864     1.7734     257.50   3099.353    27.8797    27.8808     2.2235     2.2227    1512.55    1512.55     5.7353    249.192     5.6985    247.590    34.9079    34.9092 0.0000e+00
   3363.571   3144.000     2.4769     2.4761   3.243223   3.243242     1.5862     1.7733     257.84   3100.332    27.8798    27.8808     2.2229     2.2220    1512.56    1512.56     5.7342    249.143     5.6984    247.588    34.9080    34.9091 0.0000e+00
   3364.328   3145.000     2.4765     2.4756   3.243210   3.243232     1.5861     1.7731     258.07   3101.311    27.8798    27.8808     2.2223     2.2214    1512.58    1512.58     5.7338    249.124     5.6982    247.578    34.9078    34.9090 0.0000e+00
   3365.180   3146.000     2.4763     2.4754   3.243216   3.243241     1.5859     1.7730     258.19   3102.290    27.8797    27.8808     2.2220     2.2211    1512.59    1512.59     5.7348    249.171     5.6984    247.586    34.9077    34.9089 0.0000e+00
   3366.224   3147.000     2.4761     2.4753   3.243237   3.243268     1.5857     1.7728     258.20   3103.269    27.8797    27.8808     2.2217     2.2209    1512.61    1512.61     5.7368    249.257     5.6987    247.602    34.9077    34.9090 0.0000e+00
   3367.243   3148.000     2.4760     2.4753   3.243270   3.243315     1.5856     1.7727     258.20   3104.248    27.8798    27.8808     2.2215     2.2208    1512.63    1512.63     5.7381    249.314     5.6997    247.646    34.9077    34.9090 0.0000e+00
   3368.053   3149.000     2.4752     2.4744   3.243245   3.243289     1.5856     1.7726     258.27   3105.226    27.8799    27.8811     2.2207     2.2198    1512.64    1512.64     5.7394    249.371     5.7007    247.686    34.9078    34.9092 0.0000e+00
   3368.800   3150.000     2.4739     2.4729   3.243164   3.243180     1.5856     1.7725     258.40   3106.206    27.8800    27.8811     2.2192     2.2183    1512.65    1512.65     5.7410    249.437     5.7016    247.728    34.9078    34.9090 0.0000e+00
   3369.630   3151.000     2.4732     2.4723   3.243121   3.243155     1.5855     1.7724     258.63   3107.184    27.8799    27.8811     2.2184     2.2175    1512.67    1512.66     5.7418    249.473     5.7031    247.793    34.9076    34.9090 0.0000e+00
   3370.873   3152.000     2.4734     2.4719   3.243169   3.243149     1.5855     1.7724     258.97   3108.163    27.8798    27.8810     2.2186     2.2171    1512.68    1512.68     5.7413    249.451     5.7047    247.862    34.9075    34.9089 0.0000e+00
