data/raw_ctdprof/AB1502_profile_053.cnv
* Sea-Bird SBE 9 Data File:
* FileName = D:\ctd\raw\ab1502_053.hex
* Software Version Seasave V 7.23.2
* Temperature SN = 2958
* Conductivity SN = 3860
* Number of Bytes Per Scan = 41
* Number of Voltage Words = 4
* Number of Scans Averaged by the Deck Unit = 1
* NMEA Latitude = 26 02.91 N
* NMEA Longitude = 079 13.99 W
* NMEA UTC (Time) = Feb 26 2015 15:15:07
# nquan = 23
# nvalues = 314                         
# units = specified
# name 0 = timeS: Time, Elapsed [seconds]
# name 1 = prDM: Pressure, Digiquartz [db]
# name 2 = t090C: Temperature [ITS-90, deg C]
# name 3 = t190C: Temperature, 2 [ITS-90, deg C]
# name 4 = c0S/m: Conductivity [S/m]
# name 5 = c1S/m: Conductivity, 2 [S/m]
# name 6 = sbeox0V: Oxygen raw, SBE 43 [V]
# name 7 = sbeox1V: Oxygen raw, SBE 43, 2 [V]
# name 8 = altM: Altimeter [m]
# name 9 = depSM: Depth [salt water, m]
# name 10 = sigma-é00: Density [sigma-theta, kg/m^3]
# name 11 = sigma-é11: Density, 2 [sigma-theta, kg/m^3]
# name 12 = potemp090C: Potential Temperature [ITS-90, deg C]
# name 13 = potemp190C: Potential Temperature, 2 [ITS-90, deg C]
# name 14 = svCM: Sound Velocity [Chen-Millero, m/s]
# name 15 = svCM1: Sound Velocity, 2 [Chen-Millero, m/s]
# name 16 = sbeox0ML/L: Oxygen, SBE 43 [ml/l]
# name 17 = sbeox0Mm/Kg: Oxygen, SBE 43 [umol/kg]
# name 18 = sbeox1ML/L: Oxygen, SBE 43, 2 [ml/l]
# name 19 = sbeox1Mm/Kg: Oxygen, SBE 43, 2 [umol/kg]
# name 20 = sal00: Salinity, Practical [PSU]
# name 21 = sal11: Salinity, Practical, 2 [PSU]
# name 22 = flag:
# span 0 =    168.868,    653.316       
# span 1 =      4.000,    317.000       
# span 2 =    18.5940,    25.1916       
# span 3 =    18.5923,    25.1912       
# span 4 =   4.849523,   5.506586       
# span 5 =   4.849434,   5.506465       
# span 6 =     2.0261,     2.5451       
# span 7 =     2.2732,     2.8381       
# span 8 =       8.38,     311.23       
# span 9 =      3.974,    314.696       
# span 10 =    24.2806,    26.3425      
# span 11 =    24.2800,    26.3435      
# span 12 =    18.5378,    25.1887      
# span 13 =    18.5361,    25.1881      
# span 14 =    1524.24,    1537.38      
# span 15 =    1524.23,    1537.37      
# span 16 =     3.8181,     4.4150      
# span 17 =    166.269,    192.500      
# span 18 =     3.8045,     4.3901      
# span 19 =    165.674,    191.416      
# span 20 =    36.3188,    36.7983      
# span 21 =    36.3177,    36.8081      
# span 22 = 0.0000e+00, 0.0000e+00      
# interval = decibars: 1                
# start_time = Feb 26 2015 15:15:07 [NMEA time, header]
# bad_flag = -9.990e-29
*END*
[from data line 126]
    355.491    130.000    24.1363    24.1352   5.445149   5.444967     2.4150     2.7016     191.62    129.114    24.8842    24.8841    24.1086    24.1076    1536.31    1536.30     4.2567    185.490     4.2493    185.165    36.6837    36.6831 0.0000e+00
    357.015    131.000    24.1299    24.1265   5.445049   5.444734     2.4138     2.7005     190.44    130.106    24.8893    24.8907    24.1021    24.0986    1536.31    1536.30     4.2546    185.398     4.2475    185.088    36.6878    36.6882 0.0000e+00
    358.517    132.000    24.1058    24.1033   5.444171   5.443917     2.4118     2.6990     189.31    131.099    24.9063    24.9071    24.0778    24.0753    1536.28    1536.28     4.2502    185.200     4.2462    185.025    36.7006    36.7007 0.0000e+00
    359.589    133.000    24.1013    24.0999   5.444064   5.443806     2.4098     2.6978     188.47    132.092    24.9097    24.9095    24.0730    24.0716    1536.29    1536.29     4.2461    185.020     4.2441    184.935    36.7032    36.7024 0.0000e+00
    360.894    134.000    24.0926    24.0911   5.443566   5.443412     2.4077     2.6956     187.52    133.085    24.9146    24.9151    24.0641    24.0626    1536.29    1536.29     4.2436    184.912     4.2394    184.727    36.7063    36.7063 0.0000e+00
    362.347    135.000    24.0474    24.0487   5.440600   5.440723     2.4057     2.6920     186.40    134.078    24.9391    24.9386    24.0187    24.0200    1536.21    1536.21     4.2431    184.886     4.2347    184.519    36.7206    36.7205 0.0000e+00
    363.908    136.000    23.9830    23.9847   5.436724   5.436667     2.4036     2.6884     185.27    135.071    24.9759    24.9741    23.9542    23.9558    1536.09    1536.10     4.2420    184.829     4.2321    184.399    36.7438    36.7420 0.0000e+00
    365.447    137.000    23.9676    23.9671   5.437222   5.437015     2.4001     2.6842     184.26    136.064    24.9929    24.9921    23.9386    23.9381    1536.09    1536.09     4.2328    184.429     4.2236    184.025    36.7600    36.7589 0.0000e+00
    366.665    138.000    23.9756    23.9771   5.438883   5.438922     2.3965     2.6798     183.53    137.056    24.9948    24.9937    23.9464    23.9478    1536.13    1536.13     4.2235    184.022     4.2138    183.599    36.7657    36.7648 0.0000e+00
    367.814    139.000    23.9726    23.9715   5.438666   5.438490     2.3929     2.6753     182.86    138.049    24.9962    24.9962    23.9431    23.9421    1536.14    1536.14     4.2166    183.722     4.2055    183.237    36.7663    36.7658 0.0000e+00
    369.012    140.000    23.9667    23.9666   5.437905   5.437784     2.3899     2.6708     181.99    139.042    24.9971    24.9964    23.9370    23.9370    1536.14    1536.14     4.2121    183.526     4.1982    182.919    36.7650    36.7641 0.0000e+00
    370.341    141.000    23.9747    23.9742   5.439372   5.439140     2.3867     2.6667     180.88    140.035    24.9979    24.9970    23.9449    23.9443    1536.18    1536.18     4.2038    183.163     4.1914    182.624    36.7692    36.7678 0.0000e+00
    371.839    142.000    23.9763    23.9762   5.439867   5.439696     2.3817     2.6627     179.72    141.028    24.9991    24.9983    23.9462    23.9461    1536.21    1536.21     4.1901    182.565     4.1834    182.272    36.7713    36.7701 0.0000e+00
    373.171    143.000    23.9698    23.9697   5.439654   5.439524     2.3761     2.6578     178.82    142.020    25.0037    25.0031    23.9395    23.9394    1536.21    1536.21     4.1760    181.949     4.1714    181.751    36.7747    36.7738 0.0000e+00
    374.378    144.000    23.9495    23.9474   5.438165   5.438054     2.3694     2.6505     178.00    143.013    25.0137    25.0150    23.9190    23.9169    1536.18    1536.18     4.1578    181.156     4.1547    181.022    36.7798    36.7807 0.0000e+00
    375.825    145.000    23.8856    23.8864   5.432674   5.432785     2.3576     2.6382     177.17    144.006    25.0408    25.0407    23.8549    23.8558    1536.05    1536.06     4.1289    179.892     4.1304    179.959    36.7905    36.7906 0.0000e+00
    377.146    146.000    23.8041    23.8049   5.423894   5.424262     2.3447     2.6251     176.36    144.999    25.0651    25.0666    23.7733    23.7741    1535.87    1535.87     4.1079    178.973     4.1110    179.106    36.7905    36.7927 0.0000e+00
    378.321    147.000    23.7646    23.7662   5.419110   5.419368     2.3362     2.6157     175.46    145.992    25.0737    25.0737    23.7337    23.7352    1535.78    1535.79     4.1011    178.677     4.1013    178.686    36.7863    36.7870 0.0000e+00
    379.663    148.000    23.7459    23.7448   5.417147   5.416914     2.3326     2.6114     174.36    146.984    25.0794    25.0791    23.7148    23.7136    1535.75    1535.75     4.1070    178.933     4.1041    178.806    36.7864    36.7856 0.0000e+00
    381.181    149.000    23.7424    23.7414   5.417071   5.416823     2.3344     2.6132     173.26    147.977    25.0821    25.0815    23.7110    23.7100    1535.76    1535.76     4.1180    179.412     4.1133    179.207    36.7885    36.7874 0.0000e+00
    382.553    150.000    23.7027    23.7065   5.412478   5.413231     2.3367     2.6158     172.21    148.970    25.0919    25.0927    23.6711    23.6750    1535.68    1535.69     4.1248    179.706     4.1203    179.508    36.7859    36.7885 0.0000e+00
    383.676    151.000    23.6476    23.6485   5.405849   5.405921     2.3373     2.6169     171.45    149.963    25.1041    25.1037    23.6159    23.6168    1535.55    1535.55     4.1291    179.888     4.1258    179.746    36.7804    36.7803 0.0000e+00
    384.847    152.000    23.6343    23.6351   5.404202   5.404300     2.3377     2.6177     170.58    150.956    25.1066    25.1065    23.6024    23.6032    1535.53    1535.54     4.1319    180.009     4.1283    179.854    36.7785    36.7786 0.0000e+00
    386.393    153.000    23.6209    23.6193   5.402597   5.402316     2.3387     2.6179     169.33    151.948    25.1095    25.1093    23.5888    23.5872    1535.52    1535.51     4.1366    180.216     4.1288    179.876    36.7770    36.7761 0.0000e+00
    387.849    154.000    23.5939    23.5946   5.399565   5.399625     2.3396     2.6169     168.22    152.941    25.1166    25.1163    23.5616    23.5623    1535.46    1535.46     4.1394    180.335     4.1281    179.844    36.7758    36.7756 0.0000e+00
    389.134    155.000    23.5765    23.5750   5.397633   5.397408     2.3391     2.6157     167.25    153.934    25.1213    25.1214    23.5440    23.5425    1535.44    1535.43     4.1382    180.282     4.1271    179.800    36.7751    36.7746 0.0000e+00
    390.575    156.000    23.5640    23.5660   5.396212   5.396364     2.3379     2.6141     166.31    154.927    25.1243    25.1234    23.5313    23.5333    1535.42    1535.42     4.1357    180.175     4.1251    179.712    36.7742    36.7737 0.0000e+00
    391.838    157.000    23.5579    23.5570   5.395530   5.395345     2.3365     2.6131     165.71    155.919    25.1258    25.1256    23.5250    23.5241    1535.42    1535.42     4.1337    180.086     4.1251    179.714    36.7737    36.7730 0.0000e+00
    393.035    158.000    23.5539    23.5533   5.395119   5.394927     2.3354     2.6126     165.18    156.912    25.1269    25.1264    23.5208    23.5202    1535.43    1535.43     4.1319    180.007     4.1252    179.716    36.7735    36.7725 0.0000e+00
    394.289    159.000    23.5452    23.5446   5.394196   5.394059     2.3339     2.6121     164.45    157.905    25.1294    25.1292    23.5119    23.5113    1535.42    1535.42     4.1287    179.868     4.1249    179.704    36.7733    36.7728 0.0000e+00
    395.608    160.000    23.5188    23.5213   5.391153   5.391400     2.3321     2.6113     163.60    158.897    25.1359    25.1350    23.4853    23.4878    1535.37    1535.38     4.1272    179.799     4.1250    179.708    36.7715    36.7713 0.0000e+00
    396.986    161.000    23.5068    23.5082   5.389743   5.389835     2.3306     2.6099     162.57    159.890    25.1385    25.1378    23.4732    23.4745    1535.36    1535.36     4.1269    179.786     4.1228    179.609    36.7703    36.7699 0.0000e+00
    398.322    162.000    23.4952    23.4949   5.388464   5.388322     2.3299     2.6082     161.34    160.883    25.1417    25.1411    23.4613    23.4610    1535.34    1535.34     4.1268    179.784     4.1208    179.520    36.7698    36.7690 0.0000e+00
    399.525    163.000    23.4983    23.4984   5.388897   5.388730     2.3288     2.6067     160.35    161.876    25.1411    25.1400    23.4642    23.4643    1535.37    1535.37     4.1236    179.645     4.1184    179.417    36.7702    36.7689 0.0000e+00
    400.597    164.000    23.4974    23.4977   5.388810   5.388783     2.3279     2.6057     159.43    162.868    25.1412    25.1408    23.4631    23.4634    1535.38    1535.38     4.1235    179.640     4.1174    179.375    36.7699    36.7695 0.0000e+00
    401.821    165.000    23.4940    23.4924   5.388448   5.388133     2.3275     2.6049     158.51    163.861    25.1420    25.1417    23.4595    23.4579    1535.39    1535.39     4.1228    179.609     4.1171    179.362    36.7696    36.7686 0.0000e+00
    403.289    166.000    23.4900    23.4900   5.387995   5.387888     2.3261     2.6039     157.43    164.854    25.1429    25.1422    23.4553    23.4554    1535.40    1535.40     4.1195    179.464     4.1157    179.297    36.7691    36.7683 0.0000e+00
    404.525    167.000    23.4884    23.4882   5.387877   5.387692     2.3249     2.6032     156.25    165.846    25.1435    25.1426    23.4535    23.4534    1535.41    1535.41     4.1179    179.397     4.1152    179.279    36.7692    36.7679 0.0000e+00
    405.542    168.000    23.4791    23.4834   5.386724   5.387235     2.3241     2.6027     155.31    166.839    25.1451    25.1442    23.4440    23.4483    1535.40    1535.41     4.1174    179.373     4.1146    179.252    36.7677    36.7681 0.0000e+00
    406.692    169.000    23.4683    23.4660   5.385342   5.384963     2.3231     2.6015     154.28    167.832    25.1469    25.1468    23.4330    23.4307    1535.39    1535.38     4.1157    179.300     4.1130    179.180    36.7658    36.7648 0.0000e+00
    408.225    170.000    23.4699    23.4703   5.385597   5.385564     2.3210     2.5994     152.99    168.825    25.1467    25.1461    23.4344    23.4348    1535.41    1535.41     4.1105    179.073     4.1090    179.007    36.7660    36.7655 0.0000e+00
    409.626    171.000    23.4614    23.4624   5.384544   5.384601     2.3195     2.5980     151.91    169.817    25.1482    25.1477    23.4257    23.4267    1535.40    1535.41     4.1100    179.049     4.1082    178.970    36.7647    36.7643 0.0000e+00
    410.770    172.000    23.4517    23.4533   5.383390   5.383602     2.3191     2.5971     151.19    170.810    25.1503    25.1500    23.4158    23.4174    1535.40    1535.40     4.1122    179.147     4.1070    178.921    36.7636    36.7638 0.0000e+00
    411.932    173.000    23.4489    23.4419   5.383099   5.382189     2.3194     2.5956     150.47    171.803    25.1510    25.1521    23.4128    23.4058    1535.40    1535.39     4.1142    179.232     4.1044    178.806    36.7633    36.7621 0.0000e+00
    413.205    174.000    23.4396    23.4290   5.382014   5.380429     2.3194     2.5937     149.43    172.795    25.1530    25.1536    23.4033    23.3927    1535.40    1535.37     4.1136    179.206     4.1025    178.723    36.7623    36.7589 0.0000e+00
    414.558    175.000    23.4316    23.4319   5.381027   5.380954     2.3184     2.5923     148.17    173.788    25.1544    25.1538    23.3951    23.3954    1535.39    1535.39     4.1111    179.096     4.1008    178.650    36.7610    36.7603 0.0000e+00
    415.689    176.000    23.4357    23.4338   5.381555   5.381237     2.3172     2.5915     147.23    174.780    25.1536    25.1534    23.3990    23.3971    1535.42    1535.41     4.1083    178.977     4.0998    178.605    36.7614    36.7605 0.0000e+00
    416.702    177.000    23.4047    23.4061   5.377975   5.378218     2.3161     2.5908     146.47    175.773    25.1611    25.1612    23.3678    23.3692    1535.36    1535.36     4.1073    178.930     4.1001    178.616    36.7592    36.7599 0.0000e+00
    418.035    178.000    23.3718    23.3772   5.374086   5.374707     2.3135     2.5888     145.65    176.766    25.1686    25.1672    23.3347    23.3402    1535.29    1535.30     4.1028    178.734     4.0965    178.458    36.7563    36.7566 0.0000e+00
    419.520    179.000    23.3871    23.3834   5.375914   5.375435     2.3101     2.5847     144.49    177.758    25.1649    25.1656    23.3498    23.3461    1535.34    1535.33     4.0930    178.308     4.0863    178.013    36.7573    36.7567 0.0000e+00
    420.617    180.000    23.3264    23.3143   5.369091   5.367916     2.3068     2.5808     143.53    178.751    25.1809    25.1853    23.2890    23.2768    1535.21    1535.18     4.0884    178.102     4.0818    177.817    36.7549    36.7560 0.0000e+00
    421.769    181.000    23.2956    23.2963   5.365704   5.365766     2.3022     2.5748     142.70    179.744    25.1895    25.1892    23.2580    23.2586    1535.14    1535.15     4.0762    177.572     4.0676    177.197    36.7541    36.7540 0.0000e+00
    423.154    182.000    23.2728    23.2705   5.363412   5.362922     2.2929     2.5636     141.87    180.736    25.1968    25.1961    23.2350    23.2328    1535.10    1535.10     4.0461    176.258     4.0397    175.981    36.7551    36.7532 0.0000e+00
    424.402    183.000    22.4652    22.5574   5.278441   5.293136     2.2787     2.5472     141.13    181.729    25.4418    25.4436    22.4281    22.5202    1533.08    1533.35     4.0559    176.641     4.0392    175.915    36.7707    36.8081 0.0000e+00
    425.562    184.000    22.2262    22.2269   5.252689   5.252839     2.2573     2.5229     140.39    182.722    25.5096    25.5099    22.1892    22.1899    1532.48    1532.48     4.0043    174.383     3.9984    174.129    36.7698    36.7703 0.0000e+00
    426.755    185.000    22.2047    22.2018   5.250461   5.250001     2.2294     2.4919     139.32    183.714    25.5160    25.5159    22.1675    22.1647    1532.44    1532.43     3.9377    171.483     3.9354    171.380    36.7700    36.7688 0.0000e+00
    427.916    186.000    22.2040    22.2019   5.250494   5.250110     2.2058     2.4654     137.96    184.707    25.5166    25.5162    22.1666    22.1646    1532.45    1532.45     3.8965    169.689     3.8923    169.505    36.7705    36.7692 0.0000e+00
    429.250    187.000    22.1988    22.1985   5.250217   5.250004     2.1863     2.4440     136.67    185.699    25.5196    25.5186    22.1612    22.1609    1532.46    1532.46     3.8673    168.414     3.8632    168.235    36.7724    36.7709 0.0000e+00
    430.722    188.000    22.1743    22.1771   5.248161   5.248354     2.1715     2.4291     135.47    186.692    25.5298    25.5283    22.1366    22.1394    1532.42    1532.42     3.8470    167.532     3.8445    167.422    36.7766    36.7757 0.0000e+00
    431.953    189.000    22.1559    22.1577   5.246527   5.246644     2.1632     2.4207     134.46    187.685    25.5368    25.5358    22.1180    22.1198    1532.39    1532.39     3.8358    167.043     3.8324    166.893    36.7789    36.7783 0.0000e+00
    432.992    190.000    22.1240    22.1259   5.243433   5.243645     2.1579     2.4146     133.72    188.677    25.5476    25.5471    22.0859    22.0879    1532.32    1532.33     3.8293    166.756     3.8240    166.525    36.7812    36.7812 0.0000e+00
    434.086    191.000    22.1214    22.1212   5.243268   5.243101     2.1533     2.4091     132.94    189.670    25.5488    25.5480    22.0831    22.0829    1532.34    1532.33     3.8217    166.423     3.8155    166.156    36.7817    36.7806 0.0000e+00
