data/raw_ctdprof/AB1502_profile_053.cnv
* Sea-Bird SBE 9 Data File:
* FileName = D:\ctd\raw\ab1502_053.hex
* Software Version Seasave V 7.23.2
* Temperature SN = 2958
* Conductivity SN = 3860
* Number of Bytes Per Scan = 41
* Number of Voltage Words = 4
* Number of Scans Averaged by the Deck Unit = 1
* NMEA Latitude = 26 02.91 N
* NMEA Longitude = 079 13.99 W
* NMEA UTC (Time) = Feb 26 2015 15:15:07
# nquan = 23
# nvalues = 314                         
# units = specified
# name 0 = timeS: Time, Elapsed [seconds]
# name 1 = prDM: Pressure, Digiquartz [db]
# name 2 = t090C: Temperature [ITS-90, deg C]
# name 3 = t190C: Temperature, 2 [ITS-90, deg C]
# name 4 = c0S/m: Conductivity [S/m]
# name 5 = c1S/m: Conductivity, 2 [S/m]
# name 6 = sbeox0V: Oxygen raw, SBE 43 [V]
# name 7 = sbeox1V: Oxygen raw, SBE 43, 2 [V]
# name 8 = altM: Altimeter [m]
# name 9 = depSM: Depth [salt water, m]
# name 10 = sigma-é00: Density [sigma-theta, kg/m^3]
# name 11 = sigma-é11: Density, 2 [sigma-theta, kg/m^3]
# name 12 = potemp090C: Potential Temperature [ITS-90, deg C]
# name 13 = potemp190C: Potential Temperature, 2 [ITS-90, deg C]
# name 14 = svCM: Sound Velocity [Chen-Millero, m/s]
# name 15 = svCM1: Sound Velocity, 2 [Chen-Millero, m/s]
# name 16 = sbeox0ML/L: Oxygen, SBE 43 [ml/l]
# name 17 = sbeox0Mm/Kg: Oxygen, SBE 43 [umol/kg]
# name 18 = sbeox1ML/L: Oxygen, SBE 43, 2 [ml/l]
# name 19 = sbeox1Mm/Kg: Oxygen, SBE 43, 2 [umol/kg]
# name 20 = sal00: Salinity, Practical [PSU]
# name 21 = sal11: Salinity, Practical, 2 [PSU]
# name 22 = flag:
# span 0 =    168.868,    653.316       
# span 1 =      4.000,    317.000       
# span 2 =    18.5940,    25.1916       
# span 3 =    18.5923,    25.1912       
# span 4 =   4.849523,   5.506586       
# span 5 =   4.849434,   5.506465       
# span 6 =     2.0261,     2.5451       
# span 7 =     2.2732,     2.8381       
# span 8 =       8.38,     311.23       
# span 9 =      3.974,    314.696       
# span 10 =    24.2806,    26.3425      
# span 11 =    24.2800,    26.3435      
# span 12 =    18.5378,    25.1887      
# span 13 =    18.5361,    25.1881      
# span 14 =    1524.24,    1537.38      
# span 15 =    1524.23,    1537.37      
# span 16 =     3.8181,     4.4150      
# span 17 =    166.269,    192.500      
# span 18 =     3.8045,     4.3901      
# span 19 =    165.674,    191.416      
# span 20 =    36.3188,    36.7983      
# span 21 =    36.3177,    36.8081      
# span 22 = 0.0000e+00, 0.0000e+00      
# interval = decibars: 1                
# start_time = Feb 26 2015 15:15:07 [NMEA time, header]
# bad_flag = -9.990e-29
*END*
[from data line 63]
    271.572     67.000    25.0957    25.0957   5.502808   5.502636     2.5044     2.8004     251.72     66.553    24.3430    24.3420    25.0811    25.0811    1537.22    1537.22     4.3605    190.113     4.3524    189.761    36.3578    36.3565 0.0000e+00
    272.785     68.000    25.0946    25.0942   5.502803   5.502623     2.5057     2.8003     250.95     67.546    24.3438    24.3432    25.0798    25.0793    1537.24    1537.24     4.3643    190.279     4.3515    189.718    36.3583    36.3573 0.0000e+00
    274.442     69.000    25.0931    25.0927   5.502753   5.502580     2.5068     2.7988     249.89     68.540    24.3447    24.3441    25.0780    25.0776    1537.25    1537.25     4.3660    190.353     4.3484    189.584    36.3588    36.3579 0.0000e+00
    275.836     70.000    25.0961    25.0948   5.503016   5.502777     2.5070     2.7978     248.93     69.533    24.3433    24.3431    25.0808    25.0795    1537.28    1537.27     4.3657    190.337     4.3475    189.545    36.3581    36.3573 0.0000e+00
    277.167     71.000    25.0951    25.0949   5.503000   5.502816     2.5065     2.7971     248.20     70.526    24.3439    24.3431    25.0796    25.0794    1537.29    1537.29     4.3639    190.261     4.3468    189.514    36.3584    36.3572 0.0000e+00
    278.697     72.000    25.0887    25.0900   5.502651   5.502601     2.5050     2.7965     247.43     71.519    24.3476    24.3461    25.0730    25.0743    1537.29    1537.30     4.3608    190.126     4.3467    189.509    36.3606    36.3592 0.0000e+00
    279.860     73.000    25.0804    25.0810   5.502151   5.502053     2.5043     2.7961     246.65     72.512    24.3523    24.3511    25.0644    25.0651    1537.29    1537.29     4.3614    190.149     4.3470    189.523    36.3633    36.3620 0.0000e+00
    281.214     74.000    25.0765    25.0769   5.501947   5.501804     2.5035     2.7959     245.66     73.505    24.3545    24.3533    25.0603    25.0607    1537.30    1537.30     4.3601    190.093     4.3481    189.570    36.3646    36.3632 0.0000e+00
    282.777     75.000    25.0713    25.0703   5.501657   5.501461     2.5022     2.7964     244.68     74.499    24.3574    24.3572    25.0549    25.0539    1537.31    1537.31     4.3577    189.989     4.3501    189.655    36.3663    36.3656 0.0000e+00
    284.097     76.000    25.0714    25.0702   5.501711   5.501512     2.5012     2.7963     243.68     75.492    24.3574    24.3574    25.0549    25.0537    1537.33    1537.32     4.3568    189.948     4.3495    189.629    36.3662    36.3657 0.0000e+00
    285.465     77.000    25.0702    25.0700   5.501750   5.501560     2.5009     2.7954     242.69     76.485    24.3585    24.3577    25.0534    25.0532    1537.34    1537.34     4.3573    189.970     4.3479    189.560    36.3671    36.3659 0.0000e+00
    286.753     78.000    25.0655    25.0664   5.501499   5.501415     2.5001     2.7945     241.82     77.478    24.3612    24.3600    25.0485    25.0494    1537.35    1537.35     4.3549    189.866     4.3469    189.515    36.3687    36.3674 0.0000e+00
    288.036     79.000    25.0525    25.0549   5.500674   5.500730     2.4987     2.7937     240.71     78.471    24.3683    24.3665    25.0353    25.0376    1537.34    1537.34     4.3533    189.795     4.3468    189.509    36.3727    36.3713 0.0000e+00
    289.561     80.000    25.0517    25.0509   5.500647   5.500443     2.4982     2.7928     239.42     79.464    24.3687    24.3683    25.0343    25.0335    1537.35    1537.35     4.3555    189.890     4.3456    189.457    36.3728    36.3720 0.0000e+00
    291.114     81.000    25.0336    25.0357   5.499393   5.499440     2.4989     2.7918     238.14     80.457    24.3780    24.3763    25.0159    25.0181    1537.33    1537.34     4.3582    190.007     4.3451    189.436    36.3778    36.3764 0.0000e+00
    292.214     82.000    25.0337    25.0334   5.499456   5.499300     2.4983     2.7908     237.33     81.450    24.3781    24.3775    25.0158    25.0155    1537.35    1537.35     4.3556    189.893     4.3432    189.351    36.3778    36.3769 0.0000e+00
    293.387     83.000    25.0385    25.0380   5.499804   5.499615     2.4972     2.7892     236.47     82.443    24.3755    24.3749    25.0204    25.0199    1537.38    1537.37     4.3531    189.783     4.3398    189.203    36.3763    36.3752 0.0000e+00
    295.004     84.000    25.0213    25.0219   5.498684   5.498568     2.4958     2.7865     235.18     83.437    24.3847    24.3836    25.0030    25.0036    1537.36    1537.36     4.3517    189.720     4.3350    188.991    36.3814    36.3801 0.0000e+00
    296.435     85.000    24.9732    24.9735   5.495384   5.495553     2.4940     2.7828     234.17     84.430    24.4100    24.4106    24.9547    24.9550    1537.27    1537.27     4.3497    189.628     4.3302    188.778    36.3952    36.3962 0.0000e+00
    297.577     86.000    24.9533    24.9610   5.494075   5.494284     2.4915     2.7795     233.42     85.423    24.4206    24.4147    24.9346    24.9423    1537.25    1537.26     4.3444    189.396     4.3250    188.549    36.4012    36.3965 0.0000e+00
    298.782     87.000    24.9096    24.9069   5.491082   5.490933     2.4881     2.7760     232.60     86.416    24.4435    24.4451    24.8907    24.8880    1537.17    1537.17     4.3386    189.139     4.3220    188.415    36.4138    36.4148 0.0000e+00
    300.317     88.000    24.8769    24.8831   5.488902   5.489202     2.4820     2.7710     231.39     87.409    24.4609    24.4570    24.8578    24.8640    1537.12    1537.13     4.3253    188.554     4.3130    188.022    36.4235    36.4208 0.0000e+00
    301.720     89.000    24.9047    24.8996   5.490910   5.490394     2.4759     2.7655     230.41     88.402    24.4467    24.4485    24.8854    24.8802    1537.20    1537.19     4.3107    187.921     4.3014    187.517    36.4158    36.4161 0.0000e+00
    303.016     90.000    24.6995    24.7075   5.477202   5.478353     2.4702     2.7599     229.49     89.395    24.5569    24.5561    24.6800    24.6880    1536.79    1536.81     4.3111    187.919     4.3007    187.466    36.4789    36.4810 0.0000e+00
    304.403     91.000    24.4845    24.4885   5.462096   5.462497     2.4623     2.7510     228.47     90.388    24.6681    24.6667    24.4649    24.4689    1536.35    1536.36     4.3054    187.649     4.2934    187.127    36.5398    36.5396 0.0000e+00
    305.705     92.000    24.4501    24.4498   5.459468   5.459282     2.4533     2.7407     227.61     91.381    24.6845    24.6837    24.4303    24.4300    1536.29    1536.29     4.2874    186.863     4.2766    186.394    36.5477    36.5465 0.0000e+00
    306.962     93.000    24.4384    24.4396   5.458653   5.458561     2.4455     2.7328     226.71     92.374    24.6905    24.6888    24.4184    24.4197    1536.28    1536.28     4.2755    186.344     4.2664    185.946    36.5508    36.5490 0.0000e+00
    308.178     94.000    24.4372    24.4389   5.458639   5.458552     2.4406     2.7282     225.79     93.367    24.6913    24.6892    24.4170    24.4187    1536.30    1536.30     4.2706    186.128     4.2614    185.728    36.5513    36.5492 0.0000e+00
    309.589     95.000    24.4323    24.4317   5.458384   5.458175     2.4383     2.7249     224.83     94.360    24.6941    24.6934    24.4120    24.4114    1536.30    1536.30     4.2710    186.146     4.2578    185.571    36.5530    36.5519 0.0000e+00
    310.945     96.000    24.4345    24.4332   5.458652   5.458345     2.4373     2.7227     223.84     95.353    24.6935    24.6929    24.4139    24.4126    1536.32    1536.32     4.2692    186.066     4.2549    185.445    36.5529    36.5516 0.0000e+00
    312.043     97.000    24.4282    24.4270   5.458286   5.458103     2.4361     2.7215     222.98     96.346    24.6970    24.6970    24.4074    24.4062    1536.33    1536.32     4.2670    185.972     4.2544    185.421    36.5550    36.5546 0.0000e+00
    313.395     98.000    24.4213    24.4200   5.457901   5.457640     2.4347     2.7212     222.02     97.339    24.7009    24.7006    24.4003    24.3990    1536.33    1536.33     4.2656    185.910     4.2565    185.514    36.5573    36.5564 0.0000e+00
    314.844     99.000    24.4230    24.4229   5.458129   5.457944     2.4336     2.7221     220.92     98.332    24.7005    24.6995    24.4018    24.4017    1536.35    1536.35     4.2637    185.825     4.2589    185.617    36.5573    36.5560 0.0000e+00
    315.946    100.000    24.4201    24.4199   5.457998   5.457798     2.4327     2.7223     220.06     99.325    24.7022    24.7013    24.3987    24.3984    1536.36    1536.36     4.2624    185.772     4.2588    185.612    36.5584    36.5571 0.0000e+00
    317.207    101.000    24.4192    24.4196   5.457999   5.457857     2.4324     2.7217     219.16    100.318    24.7028    24.7017    24.3975    24.3979    1536.38    1536.38     4.2644    185.858     4.2575    185.558    36.5588    36.5574 0.0000e+00
    318.736    102.000    24.4093    24.4091   5.457427   5.457319     2.4331     2.7209     218.00    101.311    24.7085    24.7080    24.3874    24.3873    1536.37    1536.37     4.2686    186.040     4.2575    185.554    36.5622    36.5616 0.0000e+00
    319.818    103.000    24.3970    24.3971   5.456790   5.456643     2.4339     2.7206     217.18    102.304    24.7160    24.7150    24.3749    24.3751    1536.37    1536.36     4.2713    186.154     4.2582    185.583    36.5672    36.5659 0.0000e+00
    320.988    104.000    24.3950    24.3947   5.456731   5.456549     2.4342     2.7204     216.36    103.297    24.7173    24.7165    24.3727    24.3724    1536.38    1536.38     4.2716    186.168     4.2589    185.615    36.5680    36.5669 0.0000e+00
    322.440    105.000    24.3935    24.3931   5.456714   5.456525     2.4338     2.7202     215.26    104.290    24.7184    24.7176    24.3710    24.3706    1536.39    1536.39     4.2698    186.089     4.2587    185.605    36.5687    36.5676 0.0000e+00
    323.775    106.000    24.3901    24.3899   5.456599   5.456421     2.4329     2.7196     214.25    105.283    24.7206    24.7198    24.3674    24.3672    1536.40    1536.40     4.2678    186.002     4.2581    185.580    36.5703    36.5691 0.0000e+00
    325.085    107.000    24.3880    24.3873   5.456541   5.456355     2.4316     2.7194     213.40    106.276    24.7220    24.7216    24.3651    24.3644    1536.41    1536.41     4.2650    185.878     4.2590    185.619    36.5712    36.5704 0.0000e+00
    326.567    108.000    24.3866    24.3867   5.456532   5.456374     2.4300     2.7194     212.39    107.269    24.7231    24.7221    24.3635    24.3636    1536.43    1536.43     4.2616    185.731     4.2594    185.636    36.5720    36.5707 0.0000e+00
    327.743    109.000    24.3814    24.3819   5.456354   5.456228     2.4286     2.7192     211.60    108.262    24.7267    24.7255    24.3580    24.3585    1536.44    1536.44     4.2597    185.648     4.2594    185.634    36.5746    36.5732 0.0000e+00
    328.811    110.000    24.3805    24.3801   5.456328   5.456174     2.4275     2.7188     210.90    109.255    24.7272    24.7267    24.3569    24.3565    1536.45    1536.45     4.2574    185.548     4.2591    185.623    36.5748    36.5740 0.0000e+00
    330.110    111.000    24.3795    24.3792   5.456399   5.456223     2.4260     2.7182     209.84    110.248    24.7283    24.7275    24.3557    24.3555    1536.47    1536.46     4.2553    185.455     4.2584    185.591    36.5758    36.5747 0.0000e+00
    331.719    112.000    24.3743    24.3746   5.456231   5.456088     2.4253     2.7178     208.61    111.241    24.7319    24.7309    24.3504    24.3506    1536.47    1536.47     4.2575    185.553     4.2587    185.603    36.5784    36.5771 0.0000e+00
    332.966    113.000    24.3704    24.3691   5.456117   5.455921     2.4262     2.7172     207.85    112.234    24.7347    24.7348    24.3462    24.3449    1536.48    1536.48     4.2623    185.760     4.2572    185.539    36.5804    36.5800 0.0000e+00
    334.050    114.000    24.3200    24.3170   5.453880   5.453662     2.4274     2.7161     207.12    113.227    24.7681    24.7696    24.2956    24.2926    1536.40    1536.40     4.2680    186.002     4.2584    185.584    36.6045    36.6053 0.0000e+00
    335.434    115.000    24.2876    24.2828   5.452712   5.452400     2.4279     2.7149     205.77    114.220    24.7911    24.7937    24.2630    24.2582    1536.36    1536.35     4.2697    186.074     4.2590    185.607    36.6218    36.6234 0.0000e+00
    337.018    116.000    24.2743    24.2745   5.452367   5.452212     2.4272     2.7142     204.37    115.213    24.8011    24.8001    24.2495    24.2497    1536.35    1536.35     4.2682    186.006     4.2595    185.627    36.6297    36.6285 0.0000e+00
    338.275    117.000    24.2563    24.2575   5.452157   5.452009     2.4266     2.7143     203.64    116.206    24.8163    24.8143    24.2313    24.2325    1536.34    1536.34     4.2696    186.063     4.2614    185.704    36.6426    36.6405 0.0000e+00
    339.471    118.000    24.2473    24.2477   5.451882   5.451742     2.4270     2.7143     202.83    117.199    24.8228    24.8216    24.2221    24.2225    1536.34    1536.34     4.2732    186.218     4.2624    185.747    36.6476    36.6462 0.0000e+00
    340.837    119.000    24.2431    24.2425   5.451763   5.451563     2.4274     2.7142     201.89    118.192    24.8258    24.8252    24.2177    24.2171    1536.35    1536.34     4.2731    186.215     4.2630    185.772    36.6498    36.6487 0.0000e+00
    342.416    120.000    24.2326    24.2315   5.451084   5.450937     2.4262     2.7145     200.76    119.185    24.8314    24.8316    24.2070    24.2059    1536.34    1536.34     4.2692    186.043     4.2647    185.848    36.6529    36.6527 0.0000e+00
    343.787    121.000    24.2049    24.2051   5.448834   5.448763     2.4245     2.7141     199.90    120.178    24.8438    24.8433    24.1791    24.1793    1536.30    1536.30     4.2675    185.964     4.2647    185.844    36.6582    36.6576 0.0000e+00
    344.898    122.000    24.1883    24.1882   5.447268   5.447252     2.4228     2.7127     199.20    121.170    24.8500    24.8499    24.1623    24.1622    1536.27    1536.27     4.2645    185.834     4.2623    185.738    36.6597    36.6596 0.0000e+00
    346.166    123.000    24.1739    24.1714   5.445949   5.445644     2.4205     2.7107     198.30    122.163    24.8555    24.8560    24.1476    24.1452    1536.26    1536.25     4.2609    185.677     4.2600    185.638    36.6612    36.6609 0.0000e+00
    347.609    124.000    24.1613    24.1613   5.445097   5.444910     2.4186     2.7086     197.30    123.156    24.8619    24.8609    24.1349    24.1348    1536.25    1536.24     4.2602    185.644     4.2575    185.528    36.6647    36.6633 0.0000e+00
    348.872    125.000    24.1596    24.1598   5.445227   5.445013     2.4180     2.7071     196.36    124.149    24.8641    24.8627    24.1330    24.1332    1536.26    1536.26     4.2607    185.665     4.2554    185.436    36.6667    36.6650 0.0000e+00
    350.170    126.000    24.1559    24.1556   5.445176   5.445002     2.4176     2.7056     195.35    125.142    24.8670    24.8663    24.1290    24.1287    1536.27    1536.27     4.2608    185.669     4.2533    185.342    36.6691    36.6680 0.0000e+00
    351.663    127.000    24.1517    24.1519   5.445177   5.444995     2.4172     2.7042     194.38    126.135    24.8707    24.8695    24.1247    24.1249    1536.28    1536.28     4.2605    185.657     4.2519    185.283    36.6722    36.6706 0.0000e+00
    353.182    128.000    24.1480    24.1483   5.445243   5.445050     2.4167     2.7032     193.50    127.128    24.8743    24.8729    24.1208    24.1210    1536.29    1536.29     4.2597    185.619     4.2505    185.221    36.6754    36.6737 0.0000e+00
