data/raw_ctdprof/AB1602_profile_013.cnv
* Sea-Bird SBE 9 Data File:
* FileName = D:\ctd\raw\ab1602_013.hex
* Software Version Seasave V 7.23.2
* Temperature SN = 5898
* Conductivity SN = 4229
* Number of Bytes Per Scan = 41
* Number of Voltage Words = 4
* Number of Scans Averaged by the Deck Unit = 1
* NMEA Latitude = 26 30.08 N
* NMEA Longitude = 074 31.13 W
* NMEA UTC (Time) = Feb 22 2016  04:02:42
* NMEA baud rate = 4800
# nquan = 27
# nvalues = 4549                        
# units = specified
# name 0 = scan: Scan Count
# name 1 = timeS: Time, Elapsed [seconds]
# name 2 = depSM: Depth [salt water, m]
# name 3 = prDM: Pressure, Digiquartz [db]
# name 4 = t090C: Temperature [ITS-90, deg C]
# name 5 = t190C: Temperature, 2 [ITS-90, deg C]
# name 6 = c0S/m: Conductivity [S/m]
# name 7 = c1S/m: Conductivity, 2 [S/m]
# name 8 = sbeox0V: Oxygen raw, SBE 43 [V]
# name 9 = sbeox1V: Oxygen raw, SBE 43, 2 [V]
# name 10 = latitude: Latitude [deg]
# name 11 = longitude: Longitude [deg]
# name 12 = sbeox0dOV/dT: Oxygen, SBE 43 [dov/dt]
# name 13 = sbeox1dOV/dT: Oxygen, SBE 43, 2 [dov/dt]
# name 14 = sbeox0ML/L: Oxygen, SBE 43 [ml/l]
# name 15 = sbeox1ML/L: Oxygen, SBE 43, 2 [ml/l]
# name 16 = potemp090C: Potential Temperature [ITS-90, deg C]
# name 17 = potemp190C: Potential Temperature, 2 [ITS-90, deg C]
# name 18 = sal00: Salinity, Practical [PSU]
# name 19 = sal11: Salinity, Practical, 2 [PSU]
# name 20 = sigma-é00: Density [sigma-theta, Kg/m^3]
# name 21 = sigma-é11: Density, 2 [sigma-theta, Kg/m^3]
# name 22 = avgsvCM: Average Sound Velocity [Chen-Millero, m/s]
# name 23 = sbeox0Mm/Kg: Oxygen, SBE 43 [umol/Kg]
# name 24 = sbeox1Mm/Kg: Oxygen, SBE 43, 2 [umol/Kg]
# name 25 = nbin: Scans Per Bin
# name 26 = flag:
# span 0 =       5616,     119525       
# span 1 =    233.949,   4980.174       
# span 2 =      4.968,   4475.406       
# span 3 =      5.000,   4553.000       
# span 4 =     2.0843,    24.4738       
# span 5 =     2.0859,    24.4742       
# span 6 =   3.234613,   5.476045       
# span 7 =   3.234740,   5.476311       
# span 8 =     1.3662,     2.7485       
# span 9 =     1.2689,     2.5012       
# span 10 =   26.50226,   26.51172      
# span 11 =  -74.53341,  -74.51927      
# span 12 =   -0.02808,    0.03279      
# span 13 =   -0.01954,    0.01971      
# span 14 =    3.04762,    5.75656      
# span 15 =    3.00680,    5.69723      
# span 16 =     1.6852,    24.4727      
# span 17 =     1.6867,    24.4731      
# span 18 =    34.8659,    36.7812      
# span 19 =    34.8657,    36.7832      
# span 20 =    24.7739,    27.8921      
# span 21 =    24.7750,    27.8922      
# span 22 =       0.00,    1543.89      
# span 23 =    132.577,    250.920      
# span 24 =    130.801,    248.335      
# span 25 =          3,         63      
# span 26 = 0.0000e+00, 0.0000e+00      
# interval = decibars: 1                
# start_time = Feb 22 2016 04:02:42 [NMEA time, header]
# bad_flag = -9.990e-29
*END*
[from data line 2739]
      74200   3091.604   2708.385   2744.000     2.6938     2.6947   3.248528   3.248666     1.7203     1.5791   26.50824  -74.52752   -0.00004   -0.00022    5.73801    5.67306     2.4757     2.4765    34.9230    34.9238    27.8705    27.8711    1503.17    250.098    247.267         20 0.0000e+00
      74222   3092.541   2709.366   2745.000     2.6938     2.6945   3.248556   3.248670     1.7205     1.5790   26.50824  -74.52753   -0.00007   -0.00015    5.73871    5.67425     2.4756     2.4762    34.9229    34.9236    27.8705    27.8709    1503.17    250.129    247.319         26 0.0000e+00
      74256   3093.949   2710.347   2746.000     2.6920     2.6930   3.248412   3.248554     1.7201     1.5788   26.50824  -74.52754   -0.00008   -0.00006    5.73808    5.67466     2.4737     2.4746    34.9227    34.9233    27.8704    27.8709    1503.17    250.101    247.337         44 0.0000e+00
      74308   3096.108   2711.327   2747.000     2.6912     2.6921   3.248372   3.248507     1.7200     1.5789   26.50824  -74.52754   -0.00014   -0.00003    5.73856    5.67598     2.4728     2.4737    34.9225    34.9232    27.8704    27.8709    1503.17    250.122    247.395         53 0.0000e+00
      74349   3097.840   2712.308   2748.000     2.6909     2.6917   3.248383   3.248514     1.7198     1.5788   26.50824  -74.52754   -0.00008   -0.00000    5.73741    5.67538     2.4724     2.4732    34.9225    34.9233    27.8704    27.8710    1503.17    250.072    247.369         31 0.0000e+00
      74375   3098.929   2713.289   2749.000     2.6907     2.6915   3.248415   3.248540     1.7195     1.5787   26.50824  -74.52755   -0.00014   -0.00007    5.73745    5.67423     2.4722     2.4729    34.9226    34.9233    27.8705    27.8710    1503.18    250.074    247.318         22 0.0000e+00
      74395   3099.731   2714.270   2750.000     2.6862     2.6867   3.247966   3.248088     1.7194     1.5788   26.50825  -74.52756   -0.00016   -0.00005    5.73857    5.67568     2.4676     2.4681    34.9216    34.9225    27.8701    27.8708    1503.18    250.124    247.382         17 0.0000e+00
      74410   3100.376   2715.250   2751.000     2.6831     2.6830   3.247770   3.247813     1.7194     1.5784   26.50826  -74.52756   -0.00015   -0.00007    5.74050    5.67406     2.4645     2.4644    34.9221    34.9227    27.8707    27.8713    1503.18    250.208    247.312         15 0.0000e+00
      74424   3100.972   2716.231   2752.000     2.6809     2.6821   3.247585   3.247757     1.7195     1.5783   26.50826  -74.52756   -0.00016   -0.00012    5.74256    5.67485     2.4622     2.4634    34.9217    34.9225    27.8707    27.8712    1503.18    250.298    247.346         14 0.0000e+00
      74438   3101.552   2717.212   2753.000     2.6799     2.6806   3.247534   3.247651     1.7192     1.5783   26.50826  -74.52756   -0.00013   -0.00013    5.74269    5.67560     2.4611     2.4618    34.9217    34.9224    27.8707    27.8712    1503.18    250.303    247.379         14 0.0000e+00
      74453   3102.146   2718.192   2754.000     2.6791     2.6801   3.247502   3.247649     1.7193     1.5781   26.50826  -74.52756   -0.00010   -0.00016    5.74443    5.67612     2.4602     2.4612    34.9217    34.9224    27.8708    27.8713    1503.18    250.379    247.402         15 0.0000e+00
      74468   3102.793   2719.173   2755.000     2.6791     2.6798   3.247545   3.247655     1.7193     1.5782   26.50826  -74.52756   -0.00007   -0.00019    5.74532    5.67962     2.4602     2.4608    34.9217    34.9224    27.8708    27.8713    1503.18    250.418    247.555         16 0.0000e+00
      74486   3103.529   2720.154   2756.000     2.6796     2.6807   3.247628   3.247775     1.7192     1.5780   26.50826  -74.52756   -0.00005   -0.00019    5.74582    5.68038     2.4605     2.4616    34.9218    34.9224    27.8708    27.8712    1503.19    250.440    247.588         19 0.0000e+00
      74508   3104.467   2721.134   2757.000     2.6791     2.6794   3.247594   3.247684     1.7193     1.5780   26.50826  -74.52756   -0.00002   -0.00011    5.74752    5.68303     2.4600     2.4603    34.9214    34.9222    27.8706    27.8712    1503.19    250.514    247.703         27 0.0000e+00
      74563   3106.759   2722.115   2758.000     2.6782     2.6799   3.247543   3.247746     1.7192     1.5784   26.50826  -74.52757    0.00000    0.00006    5.74762    5.68611     2.4590     2.4606    34.9213    34.9220    27.8706    27.8710    1503.19    250.519    247.837         42 0.0000e+00
      74648   3110.311   2723.096   2759.000     2.6781     2.6807   3.247594   3.247875     1.7191     1.5786   26.50826  -74.52760    0.00000    0.00013    5.74520    5.68440     2.4588     2.4613    34.9215    34.9222    27.8708    27.8711    1503.19    250.413    247.763         22 0.0000e+00
      74662   3110.862   2724.076   2760.000     2.6781     2.6789   3.247641   3.247773     1.7193     1.5788 -9.990e-29  -74.52760   -0.00000    0.00008    5.74631    5.68475     2.4587     2.4595    34.9217    34.9224    27.8709    27.8715    1503.19    250.461    247.778         15 0.0000e+00
      74675   3111.421   2725.057   2761.000     2.6783     2.6791   3.247692   3.247839     1.7190     1.5785 -9.990e-29  -74.52760   -0.00004    0.00008    5.74660    5.68243     2.4587     2.4596    34.9217    34.9225    27.8709    27.8715    1503.19    250.474    247.677         13 0.0000e+00
      74687   3111.931   2726.038   2762.000     2.6783     2.6790   3.247739   3.247859     1.7190     1.5786 -9.990e-29  -74.52760   -0.00007    0.00002    5.74753    5.68262     2.4587     2.4594    34.9218    34.9224    27.8710    27.8715    1503.19    250.514    247.685         12 0.0000e+00
      74699   3112.420   2727.018   2763.000     2.6779     2.6786   3.247754   3.247867     1.7188     1.5776 -9.990e-29  -74.52760   -0.00009   -0.00009    5.74778    5.67816     2.4582     2.4588    34.9219    34.9225    27.8711    27.8716    1503.19    250.525    247.491         11 0.0000e+00
      74711   3112.908   2727.999   2764.000     2.6779     2.6788   3.247781   3.247911     1.7188     1.5782 -9.990e-29  -74.52760   -0.00010   -0.00020    5.74785    5.68176     2.4581     2.4589    34.9217    34.9224    27.8710    27.8715    1503.20    250.528    247.648         12 0.0000e+00
      74723   3113.414   2728.980   2765.000     2.6769     2.6780   3.247737   3.247888     1.7189     1.5780 -9.990e-29  -74.52760   -0.00013   -0.00019    5.74972    5.68173     2.4570     2.4581    34.9218    34.9225    27.8711    27.8716    1503.20    250.610    247.647         13 0.0000e+00
      74736   3113.970   2729.961   2766.000     2.6760     2.6770   3.247685   3.247837     1.7187     1.5775 -9.990e-29  -74.52760   -0.00011   -0.00024    5.75065    5.68148     2.4560     2.4571    34.9217    34.9224    27.8712    27.8716    1503.20    250.651    247.636         14 0.0000e+00
      74752   3114.618   2730.941   2767.000     2.6751     2.6758   3.247630   3.247764     1.7188     1.5777 -9.990e-29  -74.52760   -0.00008   -0.00028    5.75140    5.68476     2.4550     2.4558    34.9215    34.9223    27.8711    27.8717    1503.20    250.683    247.779         17 0.0000e+00
      74773   3115.482   2731.922   2768.000     2.6749     2.6758   3.247646   3.247796     1.7186     1.5775 -9.990e-29  -74.52760   -0.00009   -0.00023    5.74931    5.68522     2.4547     2.4557    34.9215    34.9223    27.8711    27.8717    1503.20    250.592    247.799         26 0.0000e+00
      74842   3118.366   2732.903   2769.000     2.6758     2.6779   3.247759   3.247996     1.7179     1.5774   26.50830  -74.52761   -0.00023   -0.00010    5.74418    5.68408     2.4556     2.4576    34.9213    34.9220    27.8709    27.8713    1503.20    250.369    247.749         41 0.0000e+00
      74901   3120.836   2733.883   2770.000     2.6733     2.6761   3.247580   3.247880     1.7171     1.5770   26.50830  -74.52763   -0.00030   -0.00011    5.74166    5.68040     2.4530     2.4558    34.9214    34.9221    27.8712    27.8715    1503.20    250.259    247.589         23 0.0000e+00
      74919   3121.565   2734.864   2771.000     2.6705     2.6712   3.247343   3.247477     1.7168     1.5764   26.50830  -74.52764   -0.00028   -0.00018    5.74172    5.67792     2.4501     2.4508    34.9211    34.9220    27.8712    27.8718    1503.21    250.262    247.481         16 0.0000e+00
      74934   3122.215   2735.844   2772.000     2.6663     2.6671   3.247019   3.247152     1.7167     1.5763   26.50830  -74.52764   -0.00028   -0.00027    5.74220    5.67851     2.4459     2.4467    34.9212    34.9220    27.8716    27.8722    1503.21    250.283    247.507         15 0.0000e+00
      74948   3122.807   2736.825   2773.000     2.6646     2.6650   3.246898   3.247008     1.7164     1.5762   26.50830  -74.52764   -0.00029   -0.00031    5.74059    5.67851     2.4441     2.4446    34.9211    34.9220    27.8717    27.8723    1503.21    250.213    247.507         14 0.0000e+00
      74962   3123.376   2737.805   2774.000     2.6640     2.6651   3.246874   3.247039     1.7163     1.5763   26.50830  -74.52764   -0.00030   -0.00036    5.74179    5.68012     2.4435     2.4446    34.9210    34.9218    27.8717    27.8722    1503.21    250.266    247.578         13 0.0000e+00
      74976   3123.942   2738.786   2775.000     2.6609     2.6618   3.246605   3.246761     1.7164     1.5761   26.50830  -74.52764   -0.00028   -0.00030    5.74358    5.68119     2.4404     2.4412    34.9206    34.9215    27.8716    27.8723    1503.21    250.344    247.625         14 0.0000e+00
      74990   3124.548   2739.767   2776.000     2.6598     2.6606   3.246563   3.246702     1.7158     1.5755   26.50830  -74.52764   -0.00028   -0.00030    5.74318    5.67864     2.4392     2.4400    34.9208    34.9216    27.8718    27.8724    1503.21    250.326    247.514         15 0.0000e+00
      75007   3125.249   2740.748   2777.000     2.6594     2.6604   3.246554   3.246703     1.7155     1.5752   26.50830  -74.52764   -0.00034   -0.00033    5.74341    5.67861     2.4386     2.4397    34.9207    34.9213    27.8718    27.8723    1503.21    250.337    247.512         19 0.0000e+00
      75032   3126.311   2741.728   2778.000     2.6591     2.6600   3.246562   3.246697     1.7157     1.5753   26.50830  -74.52764   -0.00031   -0.00033    5.74656    5.68129     2.4383     2.4392    34.9206    34.9212    27.8718    27.8723    1503.21    250.474    247.629         36 0.0000e+00
      75083   3128.416   2742.709   2779.000     2.6590     2.6598   3.246582   3.246720     1.7153     1.5749   26.50832  -74.52766   -0.00009   -0.00019    5.74552    5.68236     2.4381     2.4389    34.9205    34.9213    27.8718    27.8723    1503.22    250.428    247.676         52 0.0000e+00
      75119   3129.897   2743.689   2780.000     2.6588     2.6597   3.246618   3.246756     1.7152     1.5750   26.50832  -74.52766   -0.00016   -0.00011    5.74495    5.68310     2.4378     2.4387    34.9207    34.9214    27.8719    27.8724    1503.22    250.404    247.708         26 0.0000e+00
      75142   3130.860   2744.670   2781.000     2.6580     2.6588   3.246592   3.246724     1.7151     1.5746   26.50832  -74.52767   -0.00016   -0.00009    5.74485    5.68038     2.4369     2.4377    34.9207    34.9215    27.8720    27.8726    1503.22    250.400    247.590         21 0.0000e+00
      75161   3131.670   2745.650   2782.000     2.6573     2.6581   3.246558   3.246699     1.7147     1.5746   26.50832  -74.52768   -0.00017   -0.00009    5.74325    5.68040     2.4361     2.4369    34.9206    34.9214    27.8720    27.8726    1503.22    250.330    247.590         19 0.0000e+00
      75179   3132.411   2746.631   2783.000     2.6557     2.6565   3.246455   3.246593     1.7146     1.5743   26.50832  -74.52768   -0.00019   -0.00013    5.74333    5.68015     2.4345     2.4353    34.9206    34.9214    27.8721    27.8727    1503.22    250.333    247.580         17 0.0000e+00
      75197   3133.154   2747.612   2784.000     2.6542     2.6550   3.246341   3.246478     1.7144     1.5740   26.50832  -74.52768   -0.00019   -0.00023    5.74430    5.68053     2.4329     2.4337    34.9204    34.9212    27.8721    27.8727    1503.22    250.376    247.597         19 0.0000e+00
      75217   3133.994   2748.592   2785.000     2.6513     2.6520   3.246106   3.246242     1.7142     1.5741   26.50832  -74.52768   -0.00027   -0.00025    5.74409    5.68288     2.4299     2.4307    34.9202    34.9210    27.8722    27.8728    1503.22    250.367    247.699         22 0.0000e+00
      75243   3135.075   2749.573   2786.000     2.6495     2.6503   3.245987   3.246121     1.7141     1.5739   26.50832  -74.52768   -0.00021   -0.00021    5.74527    5.68442     2.4281     2.4289    34.9202    34.9210    27.8723    27.8729    1503.23    250.418    247.766         30 0.0000e+00
      75276   3136.454   2750.553   2787.000     2.6483     2.6492   3.245925   3.246051     1.7136     1.5739   26.50832  -74.52768   -0.00024   -0.00008    5.74388    5.68457     2.4268     2.4277    34.9202    34.9209    27.8725    27.8729    1503.23    250.358    247.773         33 0.0000e+00
      75305   3137.677   2751.534   2788.000     2.6473     2.6482   3.245874   3.246008     1.7135     1.5738   26.50833  -74.52768   -0.00020   -0.00007    5.74530    5.68249     2.4258     2.4266    34.9202    34.9209    27.8725    27.8731    1503.23    250.420    247.683         26 0.0000e+00
      75329   3138.679   2752.514   2789.000     2.6470     2.6478   3.245880   3.246019     1.7133     1.5734   26.50834  -74.52768   -0.00020   -0.00008    5.74575    5.67974     2.4253     2.4261    34.9202    34.9210    27.8726    27.8731    1503.23    250.440    247.562         24 0.0000e+00
      75353   3139.666   2753.495   2790.000     2.6453     2.6462   3.245763   3.245906     1.7132     1.5731   26.50834  -74.52769   -0.00016   -0.00020    5.74628    5.67806     2.4236     2.4244    34.9201    34.9209    27.8726    27.8732    1503.23    250.463    247.489         23 0.0000e+00
      75376   3140.611   2754.475   2791.000     2.6426     2.6435   3.245543   3.245690     1.7131     1.5728   26.50834  -74.52770   -0.00015   -0.00029    5.74599    5.67864     2.4208     2.4217    34.9199    34.9207    27.8727    27.8733    1503.23    250.450    247.515         22 0.0000e+00
      75396   3141.460   2755.456   2792.000     2.6407     2.6414   3.245409   3.245542     1.7130     1.5725   26.50834  -74.52770   -0.00012   -0.00034    5.74586    5.67977     2.4189     2.4196    34.9198    34.9207    27.8729    27.8735    1503.23    250.445    247.564         19 0.0000e+00
      75415   3142.263   2756.437   2793.000     2.6376     2.6384   3.245138   3.245274     1.7126     1.5724   26.50834  -74.52770   -0.00013   -0.00030    5.74346    5.68072     2.4157     2.4165    34.9193    34.9202    27.8727    27.8733    1503.24    250.341    247.606         20 0.0000e+00
      75436   3143.120   2757.417   2794.000     2.6315     2.6324   3.244632   3.244770     1.7125     1.5723   26.50834  -74.52770   -0.00020   -0.00022    5.74442    5.68101     2.4097     2.4105    34.9192    34.9200    27.8732    27.8737    1503.24    250.383    247.619         22 0.0000e+00
      75460   3144.128   2758.398   2795.000     2.6298     2.6306   3.244512   3.244648     1.7121     1.5720 -9.990e-29  -74.52770   -0.00026   -0.00020    5.74456    5.68039     2.4079     2.4087    34.9192    34.9199    27.8733    27.8738    1503.24    250.389    247.592         26 0.0000e+00
