data/raw_ctdprof/AB1602_profile_013.cnv
* Sea-Bird SBE 9 Data File:
* FileName = D:\ctd\raw\ab1602_013.hex
* Software Version Seasave V 7.23.2
* Temperature SN = 5898
* Conductivity SN = 4229
* Number of Bytes Per Scan = 41
* Number of Voltage Words = 4
* Number of Scans Averaged by the Deck Unit = 1
* NMEA Latitude = 26 30.08 N
* NMEA Longitude = 074 31.13 W
* NMEA UTC (Time) = Feb 22 2016  04:02:42
* NMEA baud rate = 4800
# nquan = 27
# nvalues = 4549                        
# units = specified
# name 0 = scan: Scan Count
# name 1 = timeS: Time, Elapsed [seconds]
# name 2 = depSM: Depth [salt water, m]
# name 3 = prDM: Pressure, Digiquartz [db]
# name 4 = t090C: Temperature [ITS-90, deg C]
# name 5 = t190C: Temperature, 2 [ITS-90, deg C]
# name 6 = c0S/m: Conductivity [S/m]
# name 7 = c1S/m: Conductivity, 2 [S/m]
# name 8 = sbeox0V: Oxygen raw, SBE 43 [V]
# name 9 = sbeox1V: Oxygen raw, SBE 43, 2 [V]
# name 10 = latitude: Latitude [deg]
# name 11 = longitude: Longitude [deg]
# name 12 = sbeox0dOV/dT: Oxygen, SBE 43 [dov/dt]
# name 13 = sbeox1dOV/dT: Oxygen, SBE 43, 2 [dov/dt]
# name 14 = sbeox0ML/L: Oxygen, SBE 43 [ml/l]
# name 15 = sbeox1ML/L: Oxygen, SBE 43, 2 [ml/l]
# name 16 = potemp090C: Potential Temperature [ITS-90, deg C]
# name 17 = potemp190C: Potential Temperature, 2 [ITS-90, deg C]
# name 18 = sal00: Salinity, Practical [PSU]
# name 19 = sal11: Salinity, Practical, 2 [PSU]
# name 20 = sigma-é00: Density [sigma-theta, Kg/m^3]
# name 21 = sigma-é11: Density, 2 [sigma-theta, Kg/m^3]
# name 22 = avgsvCM: Average Sound Velocity [Chen-Millero, m/s]
# name 23 = sbeox0Mm/Kg: Oxygen, SBE 43 [umol/Kg]
# name 24 = sbeox1Mm/Kg: Oxygen, SBE 43, 2 [umol/Kg]
# name 25 = nbin: Scans Per Bin
# name 26 = flag:
# span 0 =       5616,     119525       
# span 1 =    233.949,   4980.174       
# span 2 =      4.968,   4475.406       
# span 3 =      5.000,   4553.000       
# span 4 =     2.0843,    24.4738       
# span 5 =     2.0859,    24.4742       
# span 6 =   3.234613,   5.476045       
# span 7 =   3.234740,   5.476311       
# span 8 =     1.3662,     2.7485       
# span 9 =     1.2689,     2.5012       
# span 10 =   26.50226,   26.51172      
# span 11 =  -74.53341,  -74.51927      
# span 12 =   -0.02808,    0.03279      
# span 13 =   -0.01954,    0.01971      
# span 14 =    3.04762,    5.75656      
# span 15 =    3.00680,    5.69723      
# span 16 =     1.6852,    24.4727      
# span 17 =     1.6867,    24.4731      
# span 18 =    34.8659,    36.7812      
# span 19 =    34.8657,    36.7832      
# span 20 =    24.7739,    27.8921      
# span 21 =    24.7750,    27.8922      
# span 22 =       0.00,    1543.89      
# span 23 =    132.577,    250.920      
# span 24 =    130.801,    248.335      
# span 25 =          3,         63      
# span 26 = 0.0000e+00, 0.0000e+00      
# interval = decibars: 1                
# start_time = Feb 22 2016 04:02:42 [NMEA time, header]
# bad_flag = -9.990e-29
*END*
[from data line 4135]
     108024   4500.940   4073.234   4140.000     2.1950     2.1966   3.252050   3.252189     1.4588     1.3503   26.51088  -74.53202   -0.00013   -0.00012    5.49396    5.44192     1.8394     1.8409    34.8847    34.8847    27.8920    27.8919    1507.79    239.504    237.236         24 0.0000e+00
     108048   4501.953   4074.208   4141.000     2.1952     2.1967   3.252092   3.252239     1.4585     1.3501   26.51088  -74.53202   -0.00025   -0.00009    5.49481    5.44115     1.8395     1.8409    34.8846    34.8847    27.8919    27.8919    1507.79    239.541    237.202         24 0.0000e+00
     108072   4502.947   4075.183   4142.000     2.1953     2.1969   3.252138   3.252280     1.4585     1.3501   26.51088  -74.53202   -0.00023   -0.00009    5.49638    5.43986     1.8394     1.8410    34.8846    34.8847    27.8920    27.8919    1507.80    239.610    237.146         24 0.0000e+00
     108097   4504.016   4076.158   4143.000     2.1955     2.1970   3.252188   3.252321     1.4584     1.3501   26.51088  -74.53202   -0.00020   -0.00009    5.49666    5.43992     1.8395     1.8409    34.8846    34.8846    27.8919    27.8919    1507.80    239.622    237.148         28 0.0000e+00
     108127   4505.231   4077.132   4144.000     2.1956     2.1971   3.252236   3.252370     1.4581     1.3496   26.51088  -74.53202   -0.00014   -0.00014    5.49702    5.43730     1.8395     1.8409    34.8847    34.8847    27.8920    27.8919    1507.80    239.638    237.034         30 0.0000e+00
     108155   4506.431   4078.107   4145.000     2.1957     2.1971   3.252271   3.252412     1.4580     1.3497   26.51088  -74.53204   -0.00016   -0.00020    5.49683    5.43815     1.8395     1.8408    34.8846    34.8848    27.8919    27.8920    1507.81    239.629    237.071         26 0.0000e+00
     108178   4507.385   4079.081   4146.000     2.1956     2.1970   3.252297   3.252439     1.4580     1.3494   26.51090  -74.53204   -0.00010   -0.00014    5.49937    5.43806     1.8393     1.8407    34.8846    34.8848    27.8919    27.8920    1507.81    239.740    237.068         21 0.0000e+00
     108197   4508.181   4080.056   4147.000     2.1957     2.1972   3.252345   3.252489     1.4578     1.3492   26.51090  -74.53204   -0.00011   -0.00016    5.49819    5.43785     1.8393     1.8407    34.8846    34.8848    27.8920    27.8920    1507.82    239.689    237.058         18 0.0000e+00
     108215   4508.903   4081.031   4148.000     2.1959     2.1974   3.252411   3.252548     1.4578     1.3492   26.51090  -74.53204   -0.00008   -0.00014    5.49733    5.43781     1.8393     1.8408    34.8848    34.8848    27.8921    27.8920    1507.82    239.651    237.056         17 0.0000e+00
     108232   4509.621   4082.006   4149.000     2.1961     2.1976   3.252459   3.252601     1.4578     1.3491   26.51090  -74.53205   -0.00009   -0.00016    5.49891    5.43887     1.8394     1.8409    34.8848    34.8848    27.8921    27.8920    1507.83    239.720    237.103         17 0.0000e+00
     108251   4510.397   4082.980   4150.000     2.1962     2.1978   3.252506   3.252646     1.4577     1.3491   26.51090  -74.53206   -0.00010   -0.00017    5.49777    5.44154     1.8394     1.8409    34.8848    34.8849    27.8920    27.8920    1507.84    239.670    237.219         20 0.0000e+00
     108274   4511.368   4083.955   4151.000     2.1962     2.1977   3.252529   3.252668     1.4575     1.3488   26.51092  -74.53206   -0.00011   -0.00011    5.49616    5.43764     1.8393     1.8408    34.8846    34.8847    27.8920    27.8919    1507.84    239.600    237.049         28 0.0000e+00
     108311   4512.902   4084.929   4152.000     2.1963     2.1978   3.252577   3.252706     1.4572     1.3487   26.51092  -74.53208   -0.00016   -0.00010    5.49521    5.43812     1.8393     1.8408    34.8847    34.8847    27.8920    27.8919    1507.84    239.558    237.070         45 0.0000e+00
     108350   4514.562   4085.904   4153.000     2.1966     2.1981   3.252630   3.252776     1.4569     1.3486   26.51092  -74.53208   -0.00018   -0.00017    5.49518    5.43696     1.8394     1.8409    34.8847    34.8848    27.8920    27.8920    1507.85    239.557    237.019         31 0.0000e+00
     108376   4515.605   4086.878   4154.000     2.1967     2.1983   3.252678   3.252816     1.4568     1.3484   26.51091  -74.53208   -0.00016   -0.00013    5.49501    5.43838     1.8394     1.8409    34.8847    34.8847    27.8920    27.8919    1507.85    239.550    237.081         22 0.0000e+00
     108396   4516.479   4087.853   4155.000     2.1967     2.1981   3.252712   3.252845     1.4566     1.3481   26.51090  -74.53208   -0.00014   -0.00014    5.49467    5.43617     1.8393     1.8407    34.8847    34.8848    27.8920    27.8920    1507.86    239.535    236.985         20 0.0000e+00
     108417   4517.315   4088.828   4156.000     2.1968     2.1980   3.252764   3.252865     1.4566     1.3481   26.51090  -74.53208   -0.00015   -0.00010    5.49423    5.43739     1.8393     1.8404    34.8848    34.8848    27.8921    27.8920    1507.86    239.516    237.038         20 0.0000e+00
     108436   4518.129   4089.802   4157.000     2.1969     2.1983   3.252808   3.252925     1.4563     1.3480   26.51090  -74.53208   -0.00016   -0.00017    5.49256    5.43909     1.8393     1.8406    34.8848    34.8848    27.8921    27.8920    1507.87    239.443    237.112         19 0.0000e+00
     108455   4518.927   4090.777   4158.000     2.1969     2.1982   3.252831   3.252948     1.4562     1.3480   26.51090  -74.53208   -0.00017   -0.00015    5.49259    5.44032     1.8391     1.8404    34.8847    34.8847    27.8921    27.8920    1507.87    239.444    237.166         19 0.0000e+00
     108475   4519.736   4091.752   4159.000     2.1957     2.1972   3.252751   3.252883     1.4561     1.3481   26.51090  -74.53208   -0.00016   -0.00007    5.49330    5.43937     1.8379     1.8393    34.8846    34.8845    27.8920    27.8919    1507.88    239.475    237.124         20 0.0000e+00
     108496   4520.625   4092.726   4160.000     2.1955     2.1969   3.252760   3.252885     1.4557     1.3479   26.51091  -74.53208   -0.00021   -0.00004    5.49220    5.43860     1.8375     1.8390    34.8845    34.8845    27.8920    27.8919    1507.88    239.427    237.091         23 0.0000e+00
     108521   4521.648   4093.701   4161.000     2.1951     2.1965   3.252755   3.252881     1.4557     1.3475   26.51092  -74.53208   -0.00019   -0.00010    5.49471    5.43589     1.8370     1.8384    34.8845    34.8845    27.8920    27.8919    1507.89    239.537    236.973         26 0.0000e+00
     108547   4522.731   4094.675   4162.000     2.1944     2.1960   3.252723   3.252861     1.4555     1.3476   26.51092  -74.53208   -0.00017   -0.00017    5.49535    5.43734     1.8363     1.8378    34.8843    34.8844    27.8920    27.8919    1507.89    239.565    237.036         25 0.0000e+00
     108571   4523.735   4095.650   4163.000     2.1941     2.1955   3.252729   3.252850     1.4555     1.3473   26.51092  -74.53208   -0.00012   -0.00016    5.49452    5.43662     1.8359     1.8373    34.8843    34.8843    27.8920    27.8919    1507.90    239.529    237.005         24 0.0000e+00
     108594   4524.689   4096.624   4164.000     2.1940     2.1954   3.252754   3.252882     1.4553     1.3472   26.51092  -74.53208   -0.00012   -0.00015    5.49217    5.43657     1.8357     1.8370    34.8843    34.8844    27.8920    27.8920    1507.90    239.427    237.002         23 0.0000e+00
     108618   4525.705   4097.599   4165.000     2.1940     2.1954   3.252775   3.252904     1.4550     1.3470   26.51092  -74.53208   -0.00011   -0.00014    5.49062    5.43671     1.8355     1.8368    34.8842    34.8843    27.8919    27.8919    1507.91    239.359    237.009         26 0.0000e+00
     108646   4526.888   4098.574   4166.000     2.1940     2.1954   3.252801   3.252939     1.4547     1.3470   26.51092  -74.53208   -0.00023   -0.00016    5.49045    5.43766     1.8354     1.8367    34.8841    34.8843    27.8918    27.8919    1507.91    239.351    237.050         31 0.0000e+00
     108678   4528.190   4099.548   4167.000     2.1939     2.1953   3.252819   3.252959     1.4546     1.3468   26.51092  -74.53208   -0.00024   -0.00011    5.49230    5.43420     1.8352     1.8365    34.8840    34.8843    27.8918    27.8919    1507.92    239.432    236.899         30 0.0000e+00
     108706   4529.365   4100.523   4168.000     2.1937     2.1950   3.252842   3.252981     1.4543     1.3463   26.51092  -74.53208   -0.00017   -0.00010    5.48967    5.42899     1.8349     1.8362    34.8841    34.8843    27.8919    27.8920    1507.92    239.317    236.672         26 0.0000e+00
     108729   4530.348   4101.497   4169.000     2.1937     2.1950   3.252880   3.253013     1.4540     1.3460   26.51092  -74.53208   -0.00015   -0.00024    5.48720    5.42780     1.8347     1.8361    34.8841    34.8843    27.8919    27.8919    1507.93    239.210    236.620         21 0.0000e+00
     108749   4531.181   4102.472   4170.000     2.1931     2.1947   3.252875   3.253010     1.4541     1.3459   26.51092  -74.53210   -0.00019   -0.00029    5.48733    5.43051     1.8341     1.8356    34.8842    34.8843    27.8921    27.8920    1507.93    239.215    236.738         19 0.0000e+00
     108768   4531.956   4103.446   4171.000     2.1929     2.1943   3.252875   3.253009     1.4536     1.3458   26.51092  -74.53210   -0.00024   -0.00028    5.48554    5.43304     1.8337     1.8351    34.8841    34.8842    27.8920    27.8920    1507.94    239.137    236.849         19 0.0000e+00
     108787   4532.740   4104.420   4172.000     2.1927     2.1942   3.252894   3.253030     1.4535     1.3456   26.51092  -74.53211   -0.00027   -0.00025    5.48706    5.43240     1.8335     1.8349    34.8841    34.8842    27.8920    27.8920    1507.94    239.204    236.821         19 0.0000e+00
     108807   4533.568   4105.395   4173.000     2.1923     2.1938   3.252884   3.253022     1.4532     1.3456   26.51092  -74.53212   -0.00029   -0.00015    5.48732    5.43330     1.8330     1.8344    34.8840    34.8841    27.8919    27.8919    1507.95    239.215    236.860         21 0.0000e+00
     108829   4534.488   4106.370   4174.000     2.1919     2.1933   3.252872   3.253010     1.4532     1.3454   26.51092  -74.53212   -0.00027   -0.00013    5.48959    5.43183     1.8324     1.8338    34.8839    34.8840    27.8919    27.8919    1507.95    239.314    236.796         23 0.0000e+00
     108855   4535.578   4107.344   4175.000     2.1916     2.1931   3.252883   3.253012     1.4529     1.3452   26.51092  -74.53212   -0.00019   -0.00013    5.48839    5.43056     1.8321     1.8335    34.8839    34.8839    27.8919    27.8918    1507.96    239.262    236.741         29 0.0000e+00
     108885   4536.836   4108.319   4176.000     2.1916     2.1930   3.252907   3.253051     1.4530     1.3450   26.51092  -74.53212   -0.00013   -0.00019    5.48792    5.42795     1.8319     1.8333    34.8838    34.8840    27.8919    27.8919    1507.96    239.241    236.627         30 0.0000e+00
     108911   4537.918   4109.293   4177.000     2.1914     2.1929   3.252922   3.253065     1.4523     1.3447   26.51092  -74.53212   -0.00017   -0.00018    5.48326    5.42747     1.8317     1.8330    34.8837    34.8839    27.8918    27.8919    1507.97    239.038    236.606         22 0.0000e+00
     108932   4538.777   4110.268   4178.000     2.1914     2.1928   3.252967   3.253102     1.4523     1.3443   26.51092  -74.53212   -0.00019   -0.00024    5.48285    5.42676     1.8315     1.8329    34.8839    34.8840    27.8920    27.8920    1507.97    239.020    236.575         20 0.0000e+00
     108951   4539.576   4111.242   4179.000     2.1914     2.1928   3.253006   3.253132     1.4519     1.3443   26.51092  -74.53212   -0.00026   -0.00026    5.48359    5.42771     1.8313     1.8328    34.8840    34.8840    27.8921    27.8919    1507.98    239.052    236.617         19 0.0000e+00
     108972   4540.460   4112.217   4180.000     2.1915     2.1930   3.253038   3.253181     1.4519     1.3443   26.51092  -74.53212   -0.00032   -0.00023    5.48479    5.43129     1.8314     1.8328    34.8838    34.8839    27.8919    27.8919    1507.98    239.105    236.773         24 0.0000e+00
     109005   4541.853   4113.191   4181.000     2.1915     2.1930   3.253066   3.253206     1.4517     1.3441   26.51094  -74.53212   -0.00022   -0.00014    5.48537    5.42923     1.8313     1.8328    34.8837    34.8838    27.8918    27.8918    1507.99    239.130    236.683         46 0.0000e+00
     109049   4543.658   4114.166   4182.000     2.1914     2.1928   3.253079   3.253224     1.4513     1.3437   26.51094  -74.53213   -0.00013   -0.00013    5.48126    5.42492     1.8310     1.8324    34.8836    34.8838    27.8918    27.8919    1507.99    238.951    236.495         32 0.0000e+00
     109072   4544.638   4115.140   4183.000     2.1909     2.1923   3.253083   3.253228     1.4510     1.3435   26.51094  -74.53215   -0.00018   -0.00019    5.47941    5.42339     1.8305     1.8318    34.8837    34.8840    27.8919    27.8920    1508.00    238.870    236.428         20 0.0000e+00
     109091   4545.421   4116.115   4184.000     2.1908     2.1922   3.253115   3.253256     1.4507     1.3434   26.51094  -74.53216   -0.00025   -0.00020    5.48009    5.42511     1.8302     1.8316    34.8839    34.8840    27.8921    27.8921    1508.00    238.900    236.503         18 0.0000e+00
     109109   4546.178   4117.089   4185.000     2.1903     2.1918   3.253100   3.253241     1.4506     1.3431   26.51094  -74.53216   -0.00026   -0.00026    5.48180    5.42368     1.8296     1.8310    34.8838    34.8840    27.8920    27.8921    1508.01    238.975    236.441         18 0.0000e+00
     109128   4546.946   4118.064   4186.000     2.1901     2.1916   3.253119   3.253248     1.4504     1.3430   26.51094  -74.53216   -0.00026   -0.00022    5.48054    5.42396     1.8293     1.8307    34.8838    34.8838    27.8921    27.8920    1508.01    238.920    236.453         18 0.0000e+00
     109146   4547.694   4119.038   4187.000     2.1903     2.1918   3.253161   3.253301     1.4506     1.3430   26.51094 -9.990e-29   -0.00022   -0.00021    5.48133    5.42454     1.8293     1.8308    34.8837    34.8838    27.8920    27.8920    1508.02    238.954    236.478         18 0.0000e+00
     109163   4548.422   4120.013   4188.000     2.1904     2.1918   3.253211   3.253341     1.4503     1.3426   26.51094 -9.990e-29   -0.00013   -0.00020    5.47936    5.42185     1.8294     1.8307    34.8838    34.8839    27.8920    27.8920    1508.02    238.868    236.361         17 0.0000e+00
     109181   4549.168   4120.987   4189.000     2.1905     2.1919   3.253254   3.253376     1.4499     1.3427   26.51094 -9.990e-29   -0.00019   -0.00021    5.47735    5.42332     1.8294     1.8308    34.8838    34.8837    27.8921    27.8919    1508.03    238.781    236.425         19 0.0000e+00
     109202   4550.051   4121.961   4190.000     2.1907     2.1921   3.253289   3.253421     1.4497     1.3422   26.51094 -9.990e-29   -0.00025   -0.00021    5.47800    5.42178     1.8294     1.8308    34.8836    34.8837    27.8919    27.8919    1508.03    238.809    236.358         25 0.0000e+00
     109233   4551.332   4122.936   4191.000     2.1907     2.1921   3.253323   3.253450     1.4495     1.3422   26.51094  -74.53214   -0.00030   -0.00023    5.48064    5.42426     1.8293     1.8307    34.8836    34.8836    27.8919    27.8918    1508.03    238.924    236.466         37 0.0000e+00
