data/raw_ctdprof/AB1602_profile_013.cnv
* Sea-Bird SBE 9 Data File:
* FileName = D:\ctd\raw\ab1602_013.hex
* Software Version Seasave V 7.23.2
* Temperature SN = 5898
* Conductivity SN = 4229
* Number of Bytes Per Scan = 41
* Number of Voltage Words = 4
* Number of Scans Averaged by the Deck Unit = 1
* NMEA Latitude = 26 30.08 N
* NMEA Longitude = 074 31.13 W
* NMEA UTC (Time) = Feb 22 2016  04:02:42
* NMEA baud rate = 4800
# nquan = 27
# nvalues = 4549                        
# units = specified
# name 0 = scan: Scan Count
# name 1 = timeS: Time, Elapsed [seconds]
# name 2 = depSM: Depth [salt water, m]
# name 3 = prDM: Pressure, Digiquartz [db]
# name 4 = t090C: Temperature [ITS-90, deg C]
# name 5 = t190C: Temperature, 2 [ITS-90, deg C]
# name 6 = c0S/m: Conductivity [S/m]
# name 7 = c1S/m: Conductivity, 2 [S/m]
# name 8 = sbeox0V: Oxygen raw, SBE 43 [V]
# name 9 = sbeox1V: Oxygen raw, SBE 43, 2 [V]
# name 10 = latitude: Latitude [deg]
# name 11 = longitude: Longitude [deg]
# name 12 = sbeox0dOV/dT: Oxygen, SBE 43 [dov/dt]
# name 13 = sbeox1dOV/dT: Oxygen, SBE 43, 2 [dov/dt]
# name 14 = sbeox0ML/L: Oxygen, SBE 43 [ml/l]
# name 15 = sbeox1ML/L: Oxygen, SBE 43, 2 [ml/l]
# name 16 = potemp090C: Potential Temperature [ITS-90, deg C]
# name 17 = potemp190C: Potential Temperature, 2 [ITS-90, deg C]
# name 18 = sal00: Salinity, Practical [PSU]
# name 19 = sal11: Salinity, Practical, 2 [PSU]
# name 20 = sigma-é00: Density [sigma-theta, Kg/m^3]
# name 21 = sigma-é11: Density, 2 [sigma-theta, Kg/m^3]
# name 22 = avgsvCM: Average Sound Velocity [Chen-Millero, m/s]
# name 23 = sbeox0Mm/Kg: Oxygen, SBE 43 [umol/Kg]
# name 24 = sbeox1Mm/Kg: Oxygen, SBE 43, 2 [umol/Kg]
# name 25 = nbin: Scans Per Bin
# name 26 = flag:
# span 0 =       5616,     119525       
# span 1 =    233.949,   4980.174       
# span 2 =      4.968,   4475.406       
# span 3 =      5.000,   4553.000       
# span 4 =     2.0843,    24.4738       
# span 5 =     2.0859,    24.4742       
# span 6 =   3.234613,   5.476045       
# span 7 =   3.234740,   5.476311       
# span 8 =     1.3662,     2.7485       
# span 9 =     1.2689,     2.5012       
# span 10 =   26.50226,   26.51172      
# span 11 =  -74.53341,  -74.51927      
# span 12 =   -0.02808,    0.03279      
# span 13 =   -0.01954,    0.01971      
# span 14 =    3.04762,    5.75656      
# span 15 =    3.00680,    5.69723      
# span 16 =     1.6852,    24.4727      
# span 17 =     1.6867,    24.4731      
# span 18 =    34.8659,    36.7812      
# span 19 =    34.8657,    36.7832      
# span 20 =    24.7739,    27.8921      
# span 21 =    24.7750,    27.8922      
# span 22 =       0.00,    1543.89      
# span 23 =    132.577,    250.920      
# span 24 =    130.801,    248.335      
# span 25 =          3,         63      
# span 26 = 0.0000e+00, 0.0000e+00      
# interval = decibars: 1                
# start_time = Feb 22 2016 04:02:42 [NMEA time, header]
# bad_flag = -9.990e-29
*END*
[from data line 1719]
      49791   2074.576   1705.682   1724.000     3.4333     3.4339   3.276749   3.276919     1.9270     1.7614 -9.990e-29 -9.990e-29   -0.00022   -0.00032    5.74445    5.68114     3.2997     3.3002    34.9606    34.9621    27.8254    27.8265    1505.28    250.316    247.557         13 0.0000e+00
      49804   2075.128   1706.668   1725.000     3.4325     3.4328   3.276717   3.276861     1.9270     1.7613 -9.990e-29 -9.990e-29   -0.00023   -0.00034    5.74550    5.68231     3.2988     3.2991    34.9607    34.9620    27.8255    27.8266    1505.27    250.362    247.608         13 0.0000e+00
      49818   2075.715   1707.653   1726.000     3.4321     3.4325   3.276725   3.276881     1.9270     1.7608 -9.990e-29 -9.990e-29   -0.00020   -0.00037    5.74601    5.68156     3.2983     3.2987    34.9607    34.9621    27.8256    27.8267    1505.27    250.384    247.576         15 0.0000e+00
      49834   2076.368   1708.638   1727.000     3.4320     3.4325   3.276759   3.276921     1.9268     1.7609   26.50630  -74.52422   -0.00018   -0.00036    5.74612    5.68405     3.2981     3.2986    34.9607    34.9621    27.8256    27.8267    1505.26    250.389    247.684         17 0.0000e+00
      49854   2077.199   1709.624   1728.000     3.4323     3.4327   3.276817   3.276974     1.9269     1.7609   26.50630  -74.52420   -0.00014   -0.00028    5.74648    5.68611     3.2984     3.2987    34.9605    34.9620    27.8255    27.8266    1505.25    250.404    247.774         24 0.0000e+00
      49893   2078.854   1710.609   1729.000     3.4332     3.4335   3.276928   3.277069     1.9263     1.7609   26.50630  -74.52421   -0.00016   -0.00008    5.74260    5.68567     3.2991     3.2994    34.9605    34.9618    27.8253    27.8263    1505.24    250.235    247.755         57 0.0000e+00
      49941   2080.845   1711.594   1730.000     3.4338     3.4334   3.277018   3.277103     1.9254     1.7605   26.50630  -74.52423   -0.00038   -0.00012    5.73981    5.68270     3.2996     3.2992    34.9604    34.9618    27.8252    27.8264    1505.24    250.114    247.625         31 0.0000e+00
      49966   2081.885   1712.579   1731.000     3.4320     3.4325   3.276918   3.277074     1.9251     1.7605   26.50631  -74.52424   -0.00044   -0.00011    5.74124    5.68287     3.2978     3.2982    34.9606    34.9620    27.8256    27.8266    1505.23    250.177    247.633         22 0.0000e+00
      49987   2082.735   1713.565   1732.000     3.4320     3.4326   3.276965   3.277121     1.9251     1.7599   26.50632  -74.52424   -0.00037   -0.00021    5.74280    5.68052     3.2977     3.2983    34.9607    34.9619    27.8257    27.8265    1505.22    250.244    247.530         19 0.0000e+00
      50005   2083.487   1714.550   1733.000     3.4323     3.4328   3.277027   3.277179     1.9249     1.7596   26.50632  -74.52424   -0.00029   -0.00026    5.74370    5.68019     3.2978     3.2984    34.9607    34.9619    27.8256    27.8265    1505.22    250.283    247.516         18 0.0000e+00
      50023   2084.270   1715.536   1734.000     3.4326     3.4331   3.277098   3.277251     1.9249     1.7595   26.50632  -74.52424   -0.00019   -0.00033    5.74381    5.68151     3.2981     3.2986    34.9607    34.9620    27.8256    27.8266    1505.21    250.288    247.573         21 0.0000e+00
      50049   2085.313   1716.521   1735.000     3.4326     3.4332   3.277128   3.277293     1.9248     1.7594   26.50632  -74.52424   -0.00011   -0.00033    5.74409    5.68198     3.2980     3.2985    34.9605    34.9619    27.8255    27.8265    1505.20    250.300    247.594         31 0.0000e+00
      50082   2086.704   1717.506   1736.000     3.4329     3.4333   3.277197   3.277342     1.9244     1.7590   26.50632  -74.52424   -0.00014   -0.00015    5.74250    5.67994     3.2982     3.2986    34.9606    34.9618    27.8255    27.8265    1505.19    250.231    247.505         28 0.0000e+00
      50103   2087.570   1718.492   1737.000     3.4329     3.4334   3.277263   3.277414     1.9244     1.7588   26.50632  -74.52424   -0.00017   -0.00017    5.74202    5.67929     3.2981     3.2986    34.9609    34.9621    27.8258    27.8267    1505.19    250.210    247.476         17 0.0000e+00
      50118   2088.201   1719.477   1738.000     3.4323     3.4325   3.277225   3.277350     1.9242     1.7586   26.50632  -74.52426   -0.00016   -0.00023    5.74216    5.67935     3.2974     3.2976    34.9605    34.9618    27.8255    27.8265    1505.18    250.217    247.479         14 0.0000e+00
      50132   2088.786   1720.462   1739.000     3.4265     3.4270   3.276713   3.276868     1.9241     1.7582   26.50632  -74.52426   -0.00019   -0.00028    5.74328    5.68001     3.2916     3.2921    34.9601    34.9614    27.8258    27.8268    1505.17    250.266    247.509         15 0.0000e+00
      50147   2089.419   1721.448   1740.000     3.4218     3.4226   3.276351   3.276524     1.9235     1.7583   26.50632 -9.990e-29   -0.00024   -0.00032    5.74226    5.68277     3.2869     3.2876    34.9602    34.9615    27.8263    27.8273    1505.17    250.221    247.629         16 0.0000e+00
      50182   2090.866   1722.433   1741.000     3.4241     3.4242   3.276589   3.276708     1.9234     1.7581   26.50632 -9.990e-29   -0.00028   -0.00023    5.74218    5.68166     3.2891     3.2892    34.9601    34.9615    27.8260    27.8271    1505.16    250.218    247.581         33 0.0000e+00
      50234   2093.029   1723.418   1742.000     3.4277     3.4270   3.276954   3.277005     1.9228     1.7574   26.50632  -74.52428   -0.00022   -0.00014    5.73976    5.67615     3.2925     3.2918    34.9602    34.9616    27.8258    27.8269    1505.15    250.112    247.340         18 0.0000e+00
      50246   2093.550   1724.403   1743.000     3.4213     3.4215   3.276413   3.276558     1.9224     1.7572   26.50632  -74.52428   -0.00023   -0.00025    5.74034    5.67723     3.2861     3.2863    34.9601    34.9616    27.8263    27.8274    1505.14    250.138    247.388         13 0.0000e+00
      50259   2094.096   1725.389   1744.000     3.4206     3.4211   3.276415   3.276563     1.9224     1.7569   26.50634  -74.52428   -0.00031   -0.00033    5.74122    5.67804     3.2853     3.2858    34.9604    34.9616    27.8266    27.8275    1505.14    250.176    247.423         14 0.0000e+00
      50273   2094.673   1726.374   1745.000     3.4203     3.4208   3.276425   3.276580     1.9222     1.7567   26.50634  -74.52428   -0.00035   -0.00039    5.74203    5.67953     3.2849     3.2854    34.9603    34.9616    27.8266    27.8275    1505.13    250.211    247.488         14 0.0000e+00
      50290   2095.378   1727.359   1746.000     3.4202     3.4207   3.276441   3.276599     1.9222     1.7566   26.50634  -74.52428   -0.00033   -0.00043    5.74396    5.68111     3.2848     3.2853    34.9601    34.9614    27.8264    27.8274    1505.12    250.296    247.557         21 0.0000e+00
      50329   2096.981   1728.345   1747.000     3.4209     3.4213   3.276544   3.276681     1.9220     1.7568   26.50634  -74.52428   -0.00019   -0.00016    5.74296    5.68300     3.2853     3.2857    34.9601    34.9614    27.8264    27.8273    1505.12    250.252    247.640         43 0.0000e+00
      50371   2098.755   1729.330   1748.000     3.4202     3.4196   3.276501   3.276565     1.9216     1.7565   26.50634  -74.52428   -0.00015    0.00000    5.74056    5.67970     3.2846     3.2840    34.9599    34.9612    27.8262    27.8274    1505.11    250.148    247.496         25 0.0000e+00
      50394   2099.700   1730.315   1749.000     3.4146     3.4151   3.276057   3.276221     1.9212     1.7563   26.50634  -74.52429   -0.00021   -0.00012    5.74031    5.67994     3.2790     3.2794    34.9600    34.9614    27.8269    27.8280    1505.10    250.137    247.507         22 0.0000e+00
      50415   2100.597   1731.300   1750.000     3.4142     3.4147   3.276061   3.276214     1.9208     1.7560   26.50634  -74.52430   -0.00030   -0.00025    5.73905    5.68001     3.2785     3.2790    34.9600    34.9613    27.8269    27.8279    1505.10    250.082    247.510         21 0.0000e+00
      50435   2101.404   1732.285   1751.000     3.4138     3.4144   3.276060   3.276232     1.9207     1.7556   26.50634  -74.52430   -0.00032   -0.00031    5.73889    5.67873     3.2780     3.2786    34.9599    34.9613    27.8269    27.8280    1505.09    250.076    247.454         18 0.0000e+00
      50453   2102.172   1733.271   1752.000     3.4137     3.4143   3.276094   3.276250     1.9203     1.7557   26.50634  -74.52430   -0.00033   -0.00029    5.73816    5.67978     3.2778     3.2783    34.9600    34.9612    27.8270    27.8279    1505.08    250.043    247.500         19 0.0000e+00
      50471   2102.918   1734.256   1753.000     3.4136     3.4141   3.276126   3.276277     1.9202     1.7555   26.50634  -74.52431   -0.00035   -0.00025    5.73904    5.67966     3.2776     3.2781    34.9600    34.9613    27.8270    27.8280    1505.07    250.082    247.494         17 0.0000e+00
      50489   2103.649   1735.241   1754.000     3.4136     3.4140   3.276166   3.276315     1.9194     1.7551   26.50634  -74.52432   -0.00039   -0.00024    5.73694    5.67864     3.2775     3.2779    34.9599    34.9613    27.8270    27.8280    1505.07    249.990    247.450         18 0.0000e+00
      50505   2104.352   1736.226   1755.000     3.4131     3.4133   3.276153   3.276284     1.9196     1.7548   26.50634  -74.52432   -0.00041   -0.00027    5.73892    5.67789     3.2769     3.2771    34.9598    34.9612    27.8269    27.8280    1505.06    250.077    247.417         16 0.0000e+00
      50522   2105.051   1737.212   1756.000     3.4113     3.4119   3.276048   3.276200     1.9194     1.7547   26.50636  -74.52432   -0.00038   -0.00028    5.73907    5.67844     3.2751     3.2756    34.9600    34.9612    27.8272    27.8282    1505.06    250.083    247.442         17 0.0000e+00
      50541   2105.830   1738.196   1757.000     3.4109     3.4114   3.276042   3.276194     1.9191     1.7546   26.50636  -74.52432   -0.00031   -0.00033    5.73873    5.67998     3.2746     3.2751    34.9599    34.9611    27.8272    27.8282    1505.05    250.069    247.509         22 0.0000e+00
      50583   2107.585   1739.182   1758.000     3.4118     3.4122   3.276153   3.276311     1.9186     1.7544   26.50636  -74.52432   -0.00033   -0.00022    5.73686    5.68080     3.2754     3.2758    34.9597    34.9611    27.8270    27.8281    1505.04    249.987    247.544         35 0.0000e+00
      50633   2109.673   1740.167   1759.000     3.4121     3.4125   3.276229   3.276382     1.9179     1.7542   26.50636  -74.52433   -0.00030   -0.00006    5.73527    5.68034     3.2756     3.2760    34.9598    34.9612    27.8271    27.8281    1505.03    249.918    247.524         23 0.0000e+00
      50653   2110.485   1741.152   1760.000     3.4100     3.4104   3.276086   3.276232     1.9175     1.7539   26.50636  -74.52434   -0.00031   -0.00007    5.73529    5.67937     3.2734     3.2738    34.9599    34.9612    27.8273    27.8283    1505.03    249.919    247.482         20 0.0000e+00
      50672   2111.284   1742.138   1761.000     3.4101     3.4106   3.276136   3.276290     1.9173     1.7537   26.50636  -74.52434   -0.00034   -0.00014    5.73598    5.67879     3.2735     3.2739    34.9598    34.9612    27.8273    27.8283    1505.02    249.949    247.457         19 0.0000e+00
      50691   2112.095   1743.123   1762.000     3.4104     3.4108   3.276205   3.276345     1.9174     1.7538   26.50636  -74.52434   -0.00030   -0.00021    5.73866    5.68072     3.2737     3.2741    34.9598    34.9611    27.8273    27.8282    1505.01    250.065    247.541         20 0.0000e+00
      50712   2112.970   1744.108   1763.000     3.4095     3.4100   3.276150   3.276306     1.9172     1.7533   26.50636  -74.52434   -0.00025   -0.00019    5.73955    5.67991     3.2727     3.2732    34.9597    34.9610    27.8272    27.8282    1505.01    250.104    247.506         22 0.0000e+00
      50734   2113.880   1745.093   1764.000     3.4095     3.4099   3.276205   3.276338     1.9172     1.7534   26.50636  -74.52435   -0.00012   -0.00020    5.74010    5.68086     3.2726     3.2730    34.9599    34.9610    27.8274    27.8283    1505.00    250.128    247.547         21 0.0000e+00
      50755   2114.743   1746.078   1765.000     3.4094     3.4098   3.276235   3.276377     1.9173     1.7534   26.50636  -74.52436   -0.00004   -0.00015    5.74155    5.68112     3.2724     3.2728    34.9599    34.9610    27.8274    27.8283    1505.00    250.191    247.558         20 0.0000e+00
      50774   2115.546   1747.063   1766.000     3.4093     3.4098   3.276265   3.276421     1.9171     1.7532   26.50636  -74.52436   -0.00004   -0.00012    5.74137    5.68037     3.2722     3.2727    34.9598    34.9611    27.8274    27.8284    1504.99    250.184    247.526         19 0.0000e+00
      50793   2116.334   1748.048   1767.000     3.4090     3.4095   3.276289   3.276420     1.9169     1.7529   26.50638  -74.52436   -0.00004   -0.00011    5.74029    5.67936     3.2718     3.2723    34.9599    34.9609    27.8275    27.8283    1504.98    250.137    247.481         19 0.0000e+00
      50814   2117.200   1749.033   1768.000     3.4087     3.4091   3.276281   3.276427     1.9171     1.7525   26.50638  -74.52436   -0.00007   -0.00018    5.74098    5.67847     3.2714     3.2718    34.9597    34.9609    27.8274    27.8283    1504.97    250.167    247.443         23 0.0000e+00
      50839   2118.233   1750.019   1769.000     3.4084     3.4089   3.276297   3.276448     1.9167     1.7525   26.50638  -74.52436   -0.00011   -0.00028    5.73965    5.67959     3.2710     3.2715    34.9597    34.9609    27.8274    27.8283    1504.97    250.109    247.492         27 0.0000e+00
      50865   2119.332   1751.004   1770.000     3.4082     3.4088   3.276328   3.276475     1.9164     1.7523   26.50638 -9.990e-29   -0.00019   -0.00022    5.73859    5.67893     3.2708     3.2713    34.9597    34.9609    27.8274    27.8283    1504.96    250.063    247.463         25 0.0000e+00
      50890   2120.370   1751.989   1771.000     3.4081     3.4086   3.276361   3.276506     1.9161     1.7520   26.50638 -9.990e-29   -0.00023   -0.00016    5.73851    5.67694     3.2705     3.2711    34.9598    34.9609    27.8275    27.8284    1504.95    250.059    247.376         25 0.0000e+00
      50917   2121.502   1752.974   1772.000     3.4071     3.4078   3.276307   3.276470     1.9159     1.7514   26.50638 -9.990e-29   -0.00028   -0.00027    5.73804    5.67530     3.2695     3.2702    34.9597    34.9609    27.8276    27.8284    1504.95    250.039    247.305         30 0.0000e+00
      50949   2122.837   1753.959   1773.000     3.4062     3.4068   3.276269   3.276425     1.9154     1.7510   26.50638  -74.52438   -0.00026   -0.00039    5.73661    5.67523     3.2685     3.2691    34.9597    34.9610    27.8276    27.8286    1504.94    249.976    247.302         32 0.0000e+00
      50977   2124.014   1754.945   1774.000     3.4056     3.4063   3.276247   3.276412     1.9152     1.7509   26.50638  -74.52438   -0.00028   -0.00033    5.73600    5.67624     3.2678     3.2685    34.9596    34.9608    27.8276    27.8286    1504.94    249.950    247.346         24 0.0000e+00
      50999   2124.920   1755.930   1775.000     3.4005     3.4019   3.275810   3.276038     1.9147     1.7506   26.50639  -74.52439   -0.00028   -0.00025    5.73660    5.67608     3.2627     3.2641    34.9593    34.9605    27.8279    27.8287    1504.93    249.977    247.339         20 0.0000e+00
