data/raw_ctdprof/AB1602_profile_013.cnv
* Sea-Bird SBE 9 Data File:
* FileName = D:\ctd\raw\ab1602_013.hex
* Software Version Seasave V 7.23.2
* Temperature SN = 5898
* Conductivity SN = 4229
* Number of Bytes Per Scan = 41
* Number of Voltage Words = 4
* Number of Scans Averaged by the Deck Unit = 1
* NMEA Latitude = 26 30.08 N
* NMEA Longitude = 074 31.13 W
* NMEA UTC (Time) = Feb 22 2016  04:02:42
* NMEA baud rate = 4800
# nquan = 27
# nvalues = 4549                        
# units = specified
# name 0 = scan: Scan Count
# name 1 = timeS: Time, Elapsed [seconds]
# name 2 = depSM: Depth [salt water, m]
# name 3 = prDM: Pressure, Digiquartz [db]
# name 4 = t090C: Temperature [ITS-90, deg C]
# name 5 = t190C: Temperature, 2 [ITS-90, deg C]
# name 6 = c0S/m: Conductivity [S/m]
# name 7 = c1S/m: Conductivity, 2 [S/m]
# name 8 = sbeox0V: Oxygen raw, SBE 43 [V]
# name 9 = sbeox1V: Oxygen raw, SBE 43, 2 [V]
# name 10 = latitude: Latitude [deg]
# name 11 = longitude: Longitude [deg]
# name 12 = sbeox0dOV/dT: Oxygen, SBE 43 [dov/dt]
# name 13 = sbeox1dOV/dT: Oxygen, SBE 43, 2 [dov/dt]
# name 14 = sbeox0ML/L: Oxygen, SBE 43 [ml/l]
# name 15 = sbeox1ML/L: Oxygen, SBE 43, 2 [ml/l]
# name 16 = potemp090C: Potential Temperature [ITS-90, deg C]
# name 17 = potemp190C: Potential Temperature, 2 [ITS-90, deg C]
# name 18 = sal00: Salinity, Practical [PSU]
# name 19 = sal11: Salinity, Practical, 2 [PSU]
# name 20 = sigma-é00: Density [sigma-theta, Kg/m^3]
# name 21 = sigma-é11: Density, 2 [sigma-theta, Kg/m^3]
# name 22 = avgsvCM: Average Sound Velocity [Chen-Millero, m/s]
# name 23 = sbeox0Mm/Kg: Oxygen, SBE 43 [umol/Kg]
# name 24 = sbeox1Mm/Kg: Oxygen, SBE 43, 2 [umol/Kg]
# name 25 = nbin: Scans Per Bin
# name 26 = flag:
# span 0 =       5616,     119525       
# span 1 =    233.949,   4980.174       
# span 2 =      4.968,   4475.406       
# span 3 =      5.000,   4553.000       
# span 4 =     2.0843,    24.4738       
# span 5 =     2.0859,    24.4742       
# span 6 =   3.234613,   5.476045       
# span 7 =   3.234740,   5.476311       
# span 8 =     1.3662,     2.7485       
# span 9 =     1.2689,     2.5012       
# span 10 =   26.50226,   26.51172      
# span 11 =  -74.53341,  -74.51927      
# span 12 =   -0.02808,    0.03279      
# span 13 =   -0.01954,    0.01971      
# span 14 =    3.04762,    5.75656      
# span 15 =    3.00680,    5.69723      
# span 16 =     1.6852,    24.4727      
# span 17 =     1.6867,    24.4731      
# span 18 =    34.8659,    36.7812      
# span 19 =    34.8657,    36.7832      
# span 20 =    24.7739,    27.8921      
# span 21 =    24.7750,    27.8922      
# span 22 =       0.00,    1543.89      
# span 23 =    132.577,    250.920      
# span 24 =    130.801,    248.335      
# span 25 =          3,         63      
# span 26 = 0.0000e+00, 0.0000e+00      
# interval = decibars: 1                
# start_time = Feb 22 2016 04:02:42 [NMEA time, header]
# bad_flag = -9.990e-29
*END*
[from data line 3329]
      88732   3697.145   3286.258   3334.000     2.3156     2.3167   3.235387   3.235518     1.6088     1.4818   26.50946  -74.52942   -0.00018   -0.00017    5.69634    5.63496     2.0455     2.0465    34.9001    34.9006    27.8881    27.8883    1504.49    248.316    245.640         23 0.0000e+00
      88766   3698.558   3287.236   3335.000     2.3154     2.3163   3.235399   3.235508     1.6087     1.4816   26.50946  -74.52942   -0.00020   -0.00018    5.69610    5.63389     2.0451     2.0460    34.9001    34.9004    27.8880    27.8882    1504.50    248.305    245.593         50 0.0000e+00
      88821   3700.827   3288.214   3336.000     2.3154     2.3166   3.235439   3.235572     1.6081     1.4811   26.50948  -74.52943   -0.00015   -0.00018    5.69208    5.63234     2.0451     2.0462    34.9001    34.9005    27.8880    27.8883    1504.50    248.130    245.526         43 0.0000e+00
      88851   3702.104   3289.192   3337.000     2.3152     2.3163   3.235464   3.235597     1.6079     1.4810   26.50948  -74.52944   -0.00022   -0.00018    5.69153    5.63261     2.0448     2.0458    34.9001    34.9006    27.8881    27.8884    1504.50    248.106    245.537         27 0.0000e+00
      88875   3703.104   3290.170   3338.000     2.3150     2.3161   3.235491   3.235625     1.6078     1.4808   26.50948  -74.52944   -0.00025   -0.00018    5.69187    5.63241     2.0444     2.0456    34.9003    34.9006    27.8882    27.8885    1504.51    248.121    245.529         22 0.0000e+00
      88896   3703.949   3291.148   3339.000     2.3150     2.3162   3.235533   3.235677     1.6073     1.4807   26.50948  -74.52944   -0.00023   -0.00015    5.69041    5.63180     2.0444     2.0455    34.9003    34.9008    27.8882    27.8886    1504.51    248.057    245.502         19 0.0000e+00
      88914   3704.693   3292.126   3340.000     2.3151     2.3161   3.235576   3.235700     1.6071     1.4806   26.50948  -74.52944   -0.00024   -0.00015    5.69078    5.63111     2.0444     2.0454    34.9002    34.9007    27.8882    27.8885    1504.51    248.073    245.472         17 0.0000e+00
      88930   3705.386   3293.104   3341.000     2.3150     2.3161   3.235602   3.235732     1.6072     1.4804   26.50948  -74.52944   -0.00023   -0.00015    5.69215    5.63082     2.0441     2.0452    34.9003    34.9007    27.8883    27.8885    1504.52    248.133    245.460         16 0.0000e+00
      88946   3706.061   3294.082   3342.000     2.3150     2.3161   3.235629   3.235753     1.6070     1.4802   26.50948  -74.52944   -0.00023   -0.00018    5.69310    5.63131     2.0440     2.0451    34.9002    34.9005    27.8882    27.8884    1504.52    248.175    245.481         16 0.0000e+00
      88963   3706.755   3295.061   3343.000     2.3148     2.3159   3.235641   3.235778     1.6070     1.4800   26.50948  -74.52944   -0.00020   -0.00023    5.69405    5.63153     2.0437     2.0448    34.9001    34.9006    27.8882    27.8885    1504.52    248.216    245.491         17 0.0000e+00
      88981   3707.515   3296.039   3344.000     2.3151     2.3162   3.235702   3.235848     1.6067     1.4800   26.50948  -74.52944   -0.00017   -0.00021    5.69306    5.63261     2.0439     2.0450    34.9001    34.9007    27.8881    27.8885    1504.53    248.173    245.538         20 0.0000e+00
      89003   3708.421   3297.017   3345.000     2.3149     2.3159   3.235716   3.235846     1.6067     1.4801   26.50948  -74.52944   -0.00015   -0.00018    5.69300    5.63475     2.0436     2.0446    34.9000    34.9005    27.8881    27.8884    1504.53    248.170    245.631         24 0.0000e+00
      89030   3709.526   3297.995   3346.000     2.3146     2.3156   3.235726   3.235852     1.6065     1.4798   26.50948  -74.52944   -0.00013   -0.00012    5.69149    5.63375     2.0432     2.0442    34.9000    34.9005    27.8881    27.8884    1504.53    248.104    245.588         29 0.0000e+00
      89063   3710.908   3298.973   3347.000     2.3145     2.3156   3.235748   3.235888     1.6061     1.4797   26.50949  -74.52945   -0.00020   -0.00010    5.68922    5.63420     2.0430     2.0441    34.8999    34.9004    27.8881    27.8884    1504.54    248.006    245.607         38 0.0000e+00
      89102   3712.555   3299.951   3348.000     2.3146     2.3157   3.235786   3.235921     1.6057     1.4796   26.50950  -74.52946   -0.00031   -0.00009    5.68921    5.63342     2.0430     2.0441    34.8999    34.9003    27.8881    27.8883    1504.54    248.005    245.573         38 0.0000e+00
      89135   3713.907   3300.929   3349.000     2.3141     2.3152   3.235786   3.235916     1.6055     1.4793   26.50950  -74.52946   -0.00020   -0.00008    5.68888    5.63034     2.0424     2.0435    34.8999    34.9003    27.8881    27.8884    1504.54    247.991    245.439         26 0.0000e+00
      89157   3714.829   3301.907   3350.000     2.3137     2.3148   3.235795   3.235931     1.6051     1.4790   26.50950 -9.990e-29   -0.00020   -0.00015    5.68737    5.62862     2.0419     2.0430    34.9000    34.9005    27.8882    27.8886    1504.54    247.925    245.364         20 0.0000e+00
      89175   3715.568   3302.885   3351.000     2.3135     2.3144   3.235824   3.235940     1.6050     1.4791   26.50950 -9.990e-29   -0.00021   -0.00018    5.68849    5.63119     2.0417     2.0425    34.9001    34.9005    27.8883    27.8886    1504.55    247.974    245.476         16 0.0000e+00
      89190   3716.227   3303.864   3352.000     2.3129     2.3138   3.235797   3.235928     1.6047     1.4784   26.50950 -9.990e-29   -0.00025   -0.00023    5.68896    5.62884     2.0409     2.0418    34.9000    34.9006    27.8884    27.8887    1504.55    247.994    245.373         16 0.0000e+00
      89206   3716.868   3304.842   3353.000     2.3125     2.3136   3.235791   3.235930     1.6047     1.4787   26.50950 -9.990e-29   -0.00030   -0.00027    5.69194    5.63106     2.0405     2.0415    34.8999    34.9004    27.8882    27.8886    1504.56    248.124    245.470         15 0.0000e+00
      89222   3717.536   3305.819   3354.000     2.3124     2.3134   3.235817   3.235959     1.6049     1.4788   26.50950 -9.990e-29   -0.00022   -0.00020    5.69483    5.63173     2.0402     2.0412    34.8999    34.9005    27.8883    27.8887    1504.56    248.250    245.500         17 0.0000e+00
      89241   3718.320   3306.798   3355.000     2.3123     2.3133   3.235835   3.235965     1.6046     1.4785   26.50950  -74.52948   -0.00013   -0.00014    5.69413    5.63190     2.0400     2.0410    34.8998    34.9003    27.8882    27.8885    1504.56    248.220    245.507         21 0.0000e+00
      89266   3719.380   3307.776   3356.000     2.3122     2.3133   3.235849   3.235990     1.6048     1.4781   26.50950  -74.52948   -0.00005   -0.00017    5.69509    5.63047     2.0398     2.0409    34.8996    34.9002    27.8881    27.8885    1504.56    248.262    245.445         31 0.0000e+00
      89303   3720.899   3308.754   3357.000     2.3119     2.3130   3.235865   3.235998     1.6045     1.4781   26.50950  -74.52948   -0.00004   -0.00018    5.69260    5.63290     2.0394     2.0405    34.8997    34.9001    27.8882    27.8884    1504.57    248.153    245.551         39 0.0000e+00
      89336   3722.275   3309.732   3358.000     2.3116     2.3127   3.235882   3.236013     1.6043     1.4777   26.50952  -74.52948   -0.00010   -0.00012    5.69077    5.63064     2.0390     2.0401    34.8998    34.9002    27.8883    27.8885    1504.57    248.073    245.452         27 0.0000e+00
      89361   3723.335   3310.710   3359.000     2.3112     2.3123   3.235872   3.236017     1.6041     1.4780   26.50952  -74.52950   -0.00017   -0.00007    5.68986    5.63178     2.0385     2.0396    34.8997    34.9002    27.8882    27.8886    1504.57    248.034    245.502         24 0.0000e+00
      89384   3724.278   3311.688   3360.000     2.3109     2.3120   3.235892   3.236034     1.6039     1.4776   26.50952  -74.52950   -0.00018   -0.00013    5.68928    5.63126     2.0382     2.0392    34.8997    34.9003    27.8883    27.8887    1504.58    248.008    245.479         22 0.0000e+00
      89404   3725.143   3312.666   3361.000     2.3109     2.3121   3.235924   3.236065     1.6036     1.4774   26.50952  -74.52950   -0.00023   -0.00017    5.68905    5.63015     2.0380     2.0392    34.8997    34.9002    27.8883    27.8886    1504.58    247.999    245.431         20 0.0000e+00
      89424   3725.950   3313.644   3362.000     2.3108     2.3118   3.235954   3.236086     1.6033     1.4774   26.50952  -74.52950   -0.00025   -0.00016    5.68982    5.63113     2.0379     2.0389    34.8997    34.9002    27.8883    27.8886    1504.58    248.032    245.474         19 0.0000e+00
      89443   3726.731   3314.622   3363.000     2.3094     2.3105   3.235852   3.236000     1.6035     1.4773   26.50953  -74.52950   -0.00026   -0.00018    5.69246    5.63117     2.0364     2.0374    34.8995    34.9001    27.8883    27.8887    1504.59    248.147    245.476         18 0.0000e+00
      89461   3727.506   3315.600   3364.000     2.3075     2.3085   3.235717   3.235845     1.6033     1.4772 -9.990e-29  -74.52950   -0.00020   -0.00012    5.69273    5.62955     2.0344     2.0354    34.8994    34.8999    27.8884    27.8887    1504.59    248.159    245.405         19 0.0000e+00
      89481   3728.334   3316.578   3365.000     2.3066     2.3077   3.235666   3.235801     1.6033     1.4767 -9.990e-29  -74.52950   -0.00014   -0.00013    5.69256    5.62708     2.0334     2.0345    34.8994    34.8999    27.8884    27.8887    1504.59    248.152    245.297         21 0.0000e+00
      89505   3729.350   3317.556   3366.000     2.3062     2.3074   3.235662   3.235802     1.6031     1.4766 -9.990e-29  -74.52950   -0.00010   -0.00023    5.69028    5.62872     2.0330     2.0341    34.8993    34.8998    27.8884    27.8887    1504.60    248.052    245.369         29 0.0000e+00
      89540   3730.807   3318.534   3367.000     2.3061     2.3073   3.235681   3.235822     1.6026     1.4764   26.50954  -74.52950   -0.00020   -0.00028    5.68834    5.63150     2.0327     2.0338    34.8992    34.8997    27.8884    27.8886    1504.60    247.968    245.490         39 0.0000e+00
      89574   3732.206   3319.512   3368.000     2.3060     2.3072   3.235724   3.235866     1.6022     1.4763   26.50954 -9.990e-29   -0.00028   -0.00012    5.68854    5.63221     2.0325     2.0337    34.8994    34.8999    27.8885    27.8888    1504.60    247.977    245.521         27 0.0000e+00
      89597   3733.160   3320.490   3369.000     2.3060     2.3071   3.235767   3.235898     1.6022     1.4763   26.50954 -9.990e-29   -0.00025   -0.00006    5.68970    5.63125     2.0325     2.0335    34.8994    34.8999    27.8885    27.8888    1504.61    248.027    245.479         20 0.0000e+00
      89616   3733.956   3321.468   3370.000     2.3061     2.3071   3.235811   3.235931     1.6021     1.4761   26.50954 -9.990e-29   -0.00019   -0.00006    5.69109    5.62951     2.0324     2.0333    34.8995    34.8999    27.8886    27.8888    1504.61    248.088    245.403         19 0.0000e+00
      89635   3734.734   3322.446   3371.000     2.3060     2.3071   3.235833   3.235975     1.6019     1.4761   26.50954  -74.52952   -0.00019   -0.00011    5.69011    5.62829     2.0322     2.0333    34.8994    34.8999    27.8885    27.8889    1504.61    248.045    245.350         19 0.0000e+00
      89655   3735.594   3323.424   3372.000     2.3059     2.3070   3.235850   3.235996     1.6019     1.4757 -9.990e-29  -74.52952   -0.00014   -0.00014    5.69024    5.62663     2.0320     2.0331    34.8993    34.8998    27.8884    27.8888    1504.62    248.051    245.278         22 0.0000e+00
      89679   3736.601   3324.402   3373.000     2.3054     2.3065   3.235841   3.235976     1.6016     1.4753 -9.990e-29  -74.52953   -0.00014   -0.00023    5.68945    5.62614     2.0314     2.0324    34.8992    34.8997    27.8885    27.8888    1504.62    248.016    245.256         26 0.0000e+00
      89705   3737.646   3325.380   3374.000     2.3046     2.3056   3.235801   3.235942     1.6014     1.4752 -9.990e-29  -74.52954   -0.00016   -0.00031    5.68823    5.62764     2.0305     2.0315    34.8992    34.8998    27.8885    27.8889    1504.62    247.963    245.322         24 0.0000e+00
      89727   3738.569   3326.357   3375.000     2.3027     2.3036   3.235652   3.235780     1.6012     1.4752   26.50956  -74.52954   -0.00018   -0.00025    5.68739    5.63072     2.0286     2.0294    34.8989    34.8995    27.8884    27.8888    1504.63    247.927    245.456         20 0.0000e+00
      89746   3739.386   3327.335   3376.000     2.3004     2.3014   3.235486   3.235623     1.6009     1.4749   26.50956  -74.52954   -0.00020   -0.00018    5.68586    5.62911     2.0262     2.0272    34.8990    34.8995    27.8887    27.8890    1504.63    247.860    245.386         19 0.0000e+00
      89765   3740.177   3328.314   3377.000     2.2993     2.3005   3.235426   3.235561     1.6008     1.4750   26.50956  -74.52954   -0.00022   -0.00012    5.68709    5.62967     2.0251     2.0262    34.8989    34.8993    27.8887    27.8889    1504.63    247.914    245.411         20 0.0000e+00
      89786   3741.052   3329.292   3378.000     2.2992     2.3003   3.235448   3.235579     1.6004     1.4747   26.50956  -74.52954   -0.00026   -0.00010    5.68443    5.62938     2.0248     2.0259    34.8989    34.8992    27.8887    27.8889    1504.64    247.798    245.398         23 0.0000e+00
      89816   3742.283   3330.270   3379.000     2.2991     2.3003   3.235463   3.235599     1.6002     1.4746   26.50956  -74.52954   -0.00029   -0.00017    5.68560    5.63007     2.0246     2.0258    34.8987    34.8991    27.8886    27.8888    1504.64    247.849    245.428         38 0.0000e+00
      89856   3743.972   3331.247   3380.000     2.2988     2.3000   3.235471   3.235612     1.5996     1.4745   26.50956  -74.52955   -0.00029   -0.00012    5.68514    5.62983     2.0242     2.0254    34.8987    34.8991    27.8886    27.8888    1504.64    247.829    245.418         36 0.0000e+00
      89885   3745.157   3332.226   3381.000     2.2988     2.3000   3.235526   3.235664     1.5996     1.4738   26.50956  -74.52956   -0.00024   -0.00010    5.68706    5.62472     2.0242     2.0253    34.8989    34.8993    27.8888    27.8890    1504.64    247.913    245.195         23 0.0000e+00
      89906   3746.043   3333.204   3382.000     2.2990     2.3001   3.235575   3.235706     1.5995     1.4741   26.50956  -74.52956   -0.00020   -0.00016    5.68609    5.62643     2.0242     2.0252    34.8989    34.8993    27.8888    27.8890    1504.65    247.870    245.270         20 0.0000e+00
      89926   3746.860   3334.181   3383.000     2.2986     2.2996   3.235579   3.235712     1.5993     1.4738   26.50956  -74.52956   -0.00011   -0.00019    5.68511    5.62665     2.0238     2.0247    34.8988    34.8994    27.8888    27.8891    1504.65    247.828    245.279         20 0.0000e+00
      89945   3747.685   3335.159   3384.000     2.2986     2.2998   3.235604   3.235748     1.5990     1.4736   26.50956  -74.52956   -0.00016   -0.00022    5.68415    5.62575     2.0236     2.0248    34.8988    34.8993    27.8887    27.8890    1504.66    247.786    245.240         20 0.0000e+00
      89966   3748.551   3336.137   3385.000     2.2984     2.2995   3.235631   3.235767     1.5989     1.4735   26.50956  -74.52957   -0.00023   -0.00018    5.68473    5.62372     2.0233     2.0244    34.8988    34.8993    27.8888    27.8891    1504.66    247.811    245.152         21 0.0000e+00
      89987   3749.437   3337.115   3386.000     2.2984     2.2995   3.235670   3.235807     1.5987     1.4732   26.50956  -74.52958   -0.00025   -0.00021    5.68562    5.62333     2.0232     2.0243    34.8989    34.8994    27.8888    27.8892    1504.66    247.850    245.135         21 0.0000e+00
