data/raw_ctdprof/AB1705_profile_004.cnv
* Sea-Bird SBE 9 Data File:
* FileName = D:\ctd\raw\ab1705_004.hex
* Software Version Seasave V 7.26.6.26
* Temperature SN = 5237
* Conductivity SN = 3860
* Number of Bytes Per Scan = 41
* Number of Voltage Words = 4
* Number of Scans Averaged by the Deck Unit = 1
* NMEA Latitude = 26 20.03 N
* NMEA Longitude = 078 42.97 W
* NMEA UTC (Time) = May 09 2017  02:11:24
* NMEA baud rate = 4800
# nquan = 27
# nvalues = 1379                        
# units = specified
# name 0 = scan: Scan Count
# name 1 = timeS: Time, Elapsed [seconds]
# name 2 = depSM: Depth [salt water, m]
# name 3 = prDM: Pressure, Digiquartz [db]
# name 4 = t090C: Temperature [ITS-90, deg C]
# name 5 = t190C: Temperature, 2 [ITS-90, deg C]
# name 6 = c0S/m: Conductivity [S/m]
# name 7 = c1S/m: Conductivity, 2 [S/m]
# name 8 = sbeox0V: Oxygen raw, SBE 43 [V]
# name 9 = sbeox1V: Oxygen raw, SBE 43, 2 [V]
# name 10 = latitude: Latitude [deg]
# name 11 = longitude: Longitude [deg]
# name 12 = sbox0dV/dT: Oxygen, SBE 43 [dov/dt]
# name 13 = sbox1dV/dT: Oxygen, SBE 43, 2 [dov/dt]
# name 14 = sbeox0ML/L: Oxygen, SBE 43 [ml/l]
# name 15 = sbeox1ML/L: Oxygen, SBE 43, 2 [ml/l]
# name 16 = potemp090C: Potential Temperature [ITS-90, deg C]
# name 17 = potemp190C: Potential Temperature, 2 [ITS-90, deg C]
# name 18 = sal00: Salinity, Practical [PSU]
# name 19 = sal11: Salinity, Practical, 2 [PSU]
# name 20 = sigma-é00: Density [sigma-theta, kg/m^3]
# name 21 = sigma-é11: Density, 2 [sigma-theta, kg/m^3]
# name 22 = avgsvCM: Average Sound Velocity [Chen-Millero, m/s]
# name 23 = sbox0Mm/Kg: Oxygen, SBE 43 [umol/kg]
# name 24 = sbox1Mm/Kg: Oxygen, SBE 43, 2 [umol/kg]
# name 25 = nbin: Scans Per Bin
# name 26 = flag:
# span 0 =       5577,      55038       
# span 1 =    232.329,   2293.205       
# span 2 =      1.986,    685.347       
# span 3 =      2.000,    691.000       
# span 4 =    10.3910,    26.1195       
# span 5 =    10.3845,    26.1178       
# span 6 =   3.906252,   5.635120       
# span 7 =   3.905807,   5.634763       
# span 8 =     1.5739,     2.9031       
# span 9 =     1.4983,     2.7779       
# span 10 =   26.33460,   26.33987      
# span 11 =  -78.71542,  -78.71328      
# span 12 =   -0.00828,    0.01213      
# span 13 =   -0.00754,    0.01196      
# span 14 =     2.9151,     4.6912      
# span 15 =     2.8951,     4.6939      
# span 16 =    10.3067,    26.1191      
# span 17 =    10.3002,    26.1174      
# span 18 =    35.2985,    36.8804      
# span 19 =    35.3002,    36.8825      
# span 20 =    24.1554,    27.1319      
# span 21 =    24.1550,    27.1344      
# span 22 =       0.00,    1538.89      
# span 23 =    126.751,    204.362      
# span 24 =    125.881,    204.480      
# span 25 =          3,         72      
# span 26 = 0.0000e+00, 0.0000e+00      
# interval = decibars: 1                
# start_time = May 09 2017 02:11:24 [NMEA time, header]
# bad_flag = -9.990e-29
*END*
[from data line 537]
      21346    889.357    534.786    539.000    14.8804    14.8801   4.413200   4.413495     1.9769     1.8782   26.33620  -78.71416   -0.00446   -0.00320     3.6002     3.5796    14.7977    14.7974    35.9999    36.0029    26.7879    26.7903    1526.97    156.590    155.696         22 0.0000e+00
      21369    890.317    535.776    540.000    14.8796    14.8792   4.413174   4.413445     1.9741     1.8775   26.33620  -78.71416   -0.00380   -0.00278     3.5977     3.5803    14.7968    14.7963    36.0000    36.0029    26.7882    26.7905    1526.95    156.481    155.724         24 0.0000e+00
      21392    891.285    536.767    541.000    14.8778    14.8773   4.413008   4.413267     1.9737     1.8762   26.33620  -78.71416   -0.00274   -0.00199     3.6000     3.5786    14.7948    14.7943    35.9998    36.0026    26.7884    26.7907    1526.93    156.580    155.652         23 0.0000e+00
      21415    892.263    537.758    542.000    14.8763    14.8759   4.412884   4.413161     1.9734     1.8741   26.33620  -78.71416   -0.00170   -0.00150     3.6021     3.5752    14.7931    14.7928    35.9996    36.0025    26.7887    26.7910    1526.91    156.673    155.501         24 0.0000e+00
      21439    893.260    538.749    543.000    14.8733    14.8730   4.412551   4.412858     1.9723     1.8738   26.33622  -78.71416   -0.00099   -0.00136     3.6006     3.5775    14.7900    14.7897    35.9990    36.0020    26.7889    26.7912    1526.89    156.606    155.601         24 0.0000e+00
      21463    894.270    539.740    544.000    14.8667    14.8664   4.411838   4.412113     1.9723     1.8742   26.33622  -78.71414   -0.00052   -0.00105     3.6005     3.5819    14.7833    14.7830    35.9981    36.0009    26.7896    26.7919    1526.87    156.601    155.793         24 0.0000e+00
      21487    895.265    540.731    545.000    14.8567    14.8566   4.410643   4.410982     1.9722     1.8746   26.33622  -78.71414   -0.00044   -0.00027     3.6001     3.5843    14.7731    14.7730    35.9960    35.9992    26.7902    26.7927    1526.85    156.587    155.898         24 0.0000e+00
      21511    896.241    541.722    546.000    14.8388    14.8390   4.408550   4.408926     1.9706     1.8749   26.33622  -78.71414   -0.00047    0.00032     3.5973     3.5852    14.7552    14.7554    35.9928    35.9961    26.7918    26.7943    1526.83    156.466    155.936         23 0.0000e+00
      21534    897.197    542.713    547.000    14.8230    14.8229   4.406736   4.407085     1.9687     1.8750   26.33622  -78.71414   -0.00084    0.00035     3.5949     3.5845    14.7392    14.7392    35.9904    35.9937    26.7934    26.7959    1526.82    156.360    155.908         23 0.0000e+00
      21557    898.153    543.703    548.000    14.8125    14.8125   4.405592   4.405911     1.9688     1.8735   26.33622  -78.71414   -0.00126    0.00004     3.5976     3.5797    14.7287    14.7286    35.9892    35.9922    26.7947    26.7971    1526.80    156.478    155.697         23 0.0000e+00
      21580    899.140    544.695    549.000    14.8055    14.8051   4.404812   4.405092     1.9687     1.8719   26.33622  -78.71414   -0.00097   -0.00066     3.5991     3.5758    14.7215    14.7212    35.9881    35.9910    26.7955    26.7978    1526.78    156.539    155.526         24 0.0000e+00
      21605    900.162    545.685    550.000    14.7983    14.7981   4.404016   4.404319     1.9681     1.8701   26.33622  -78.71414   -0.00048   -0.00130     3.5968     3.5724    14.7142    14.7140    35.9870    35.9900    26.7962    26.7986    1526.76    156.443    155.381         25 0.0000e+00
      21630    901.191    546.676    551.000    14.7929    14.7927   4.403420   4.403710     1.9673     1.8697 -9.990e-29  -78.71414   -0.00028   -0.00153     3.5934     3.5730    14.7087    14.7084    35.9861    35.9890    26.7967    26.7990    1526.74    156.293    155.403         24 0.0000e+00
      21654    902.192    547.667    552.000    14.7835    14.7833   4.402319   4.402641     1.9655     1.8683 -9.990e-29  -78.71414   -0.00073   -0.00119     3.5896     3.5714    14.6991    14.6989    35.9843    35.9875    26.7974    26.7999    1526.72    156.130    155.335         24 0.0000e+00
      21677    903.156    548.658    553.000    14.7773    14.7769   4.401671   4.401951     1.9633     1.8673 -9.990e-29  -78.71414   -0.00129   -0.00107     3.5854     3.5682    14.6928    14.6924    35.9837    35.9866    26.7984    26.8007    1526.70    155.945    155.196         23 0.0000e+00
      21700    904.116    549.648    554.000    14.7688    14.7691   4.400666   4.401049     1.9631     1.8674   26.33624  -78.71414   -0.00156   -0.00083     3.5883     3.5694    14.6842    14.6845    35.9819    35.9851    26.7988    26.8013    1526.68    156.070    155.251         23 0.0000e+00
      21723    905.075    550.639    555.000    14.7610    14.7607   4.399807   4.400099     1.9616     1.8644   26.33624  -78.71414   -0.00144   -0.00098     3.5876     3.5634    14.6762    14.6759    35.9808    35.9838    26.7998    26.8021    1526.66    156.039    154.986         23 0.0000e+00
      21746    906.029    551.630    556.000    14.7498    14.7499   4.398491   4.398832     1.9626     1.8637   26.33624  -78.71414   -0.00091   -0.00135     3.5889     3.5630    14.6650    14.6650    35.9786    35.9817    26.8005    26.8029    1526.64    156.097    154.970         23 0.0000e+00
      21768    906.978    552.621    557.000    14.7364    14.7366   4.396898   4.397269     1.9624     1.8644   26.33624  -78.71414   -0.00026   -0.00120     3.5861     3.5662    14.6514    14.6516    35.9760    35.9792    26.8015    26.8039    1526.62    155.975    155.106         23 0.0000e+00
      21792    907.963    553.612    558.000    14.7096    14.7102   4.393681   4.394129     1.9590     1.8631   26.33624  -78.71414   -0.00048   -0.00084     3.5772     3.5630    14.6246    14.6252    35.9707    35.9743    26.8033    26.8059    1526.61    155.588    154.971         24 0.0000e+00
      21817    908.985    554.603    559.000    14.6780    14.6784   4.390034   4.390447     1.9549     1.8605   26.33624  -78.71414   -0.00168   -0.00069     3.5683     3.5555    14.5930    14.5934    35.9659    35.9694    26.8064    26.8090    1526.59    155.199    154.644         25 0.0000e+00
      21842    910.032    555.593    560.000    14.6455    14.6470   4.386165   4.386757     1.9542     1.8580   26.33624  -78.71414   -0.00271   -0.00156     3.5685     3.5482    14.5604    14.5619    35.9600    35.9641    26.8089    26.8118    1526.57    155.209    154.324         25 0.0000e+00
      21867    911.069    556.584    561.000    14.6043    14.6070   4.381193   4.382005     1.9515     1.8555   26.33626  -78.71414   -0.00256   -0.00231     3.5611     3.5399    14.5192    14.5219    35.9519    35.9568    26.8117    26.8149    1526.55    154.886    153.962         24 0.0000e+00
      21890    912.036    557.575    562.000    14.5036    14.5058   4.369028   4.369888     1.9468     1.8504   26.33626  -78.71414   -0.00232   -0.00273     3.5494     3.5290    14.4188    14.4210    35.9324    35.9383    26.8183    26.8224    1526.53    154.378    153.490         22 0.0000e+00
      21912    912.944    558.566    563.000    14.4143    14.4147   4.358678   4.359205     1.9413     1.8441   26.33626  -78.71414   -0.00327   -0.00387     3.5367     3.5149    14.3297    14.3301    35.9190    35.9234    26.8272    26.8306    1526.51    153.821    152.872         22 0.0000e+00
      21933    913.851    559.557    564.000    14.3948    14.3942   4.356491   4.356780     1.9346     1.8386   26.33626  -78.71414   -0.00491   -0.00514     3.5196     3.5008    14.3101    14.3095    35.9164    35.9197    26.8294    26.8321    1526.49    153.080    152.259         22 0.0000e+00
      21957    914.814    560.547    565.000    14.3897    14.3894   4.355968   4.356265     1.9267     1.8315   26.33626  -78.71414   -0.00646   -0.00630     3.5040     3.4851    14.3049    14.3045    35.9159    35.9189    26.8301    26.8326    1526.46    152.398    151.579         24 0.0000e+00
      21982    915.856    561.538    566.000    14.3872    14.3870   4.355748   4.356042     1.9207     1.8250   26.33626  -78.71414   -0.00715   -0.00672     3.4977     3.4742    14.3023    14.3021    35.9157    35.9186    26.8306    26.8328    1526.44    152.125    151.102         26 0.0000e+00
      22007    916.911    562.529    567.000    14.3853    14.3852   4.355582   4.355894     1.9177     1.8212   26.33626  -78.71414   -0.00648   -0.00624     3.4988     3.4725    14.3002    14.3001    35.9156    35.9185    26.8309    26.8332    1526.42    152.174    151.029         25 0.0000e+00
      22031    917.913    563.520    568.000    14.3816    14.3811   4.355211   4.355482     1.9168     1.8195   26.33626  -78.71414   -0.00437   -0.00482     3.5018     3.4738    14.2963    14.2959    35.9152    35.9181    26.8314    26.8338    1526.40    152.305    151.084         23 0.0000e+00
      22053    918.854    564.511    569.000    14.3793    14.3788   4.355008   4.355258     1.9151     1.8194   26.33627  -78.71414   -0.00256   -0.00295     3.5003     3.4770    14.2940    14.2934    35.9150    35.9178    26.8318    26.8340    1526.38    152.238    151.223         22 0.0000e+00
      22076    919.773    565.501    570.000    14.3768    14.3769   4.354756   4.355099     1.9139     1.8175   26.33628  -78.71414   -0.00159   -0.00166     3.4993     3.4731    14.2912    14.2913    35.9146    35.9177    26.8321    26.8344    1526.37    152.195    151.055         22 0.0000e+00
      22098    920.710    566.492    571.000    14.3750    14.3751   4.354595   4.354939     1.9130     1.8175   26.33628  -78.71414   -0.00136   -0.00106     3.4990     3.4744    14.2893    14.2894    35.9144    35.9174    26.8323    26.8346    1526.35    152.182    151.113         23 0.0000e+00
      22122    921.688    567.482    572.000    14.3711    14.3708   4.354182   4.354469     1.9136     1.8162   26.33628  -78.71414   -0.00106   -0.00091     3.5013     3.4727    14.2853    14.2850    35.9137    35.9166    26.8327    26.8350    1526.33    152.284    151.038         24 0.0000e+00
      22146    922.702    568.473    573.000    14.3672    14.3669   4.353801   4.354079     1.9127     1.8164   26.33628  -78.71414   -0.00047   -0.00078     3.4986     3.4735    14.2813    14.2809    35.9134    35.9163    26.8333    26.8356    1526.31    152.163    151.072         25 0.0000e+00
      22171    923.737    569.464    574.000    14.3626    14.3629   4.353291   4.353648     1.9113     1.8158   26.33628  -78.71413   -0.00045   -0.00043     3.4927     3.4720    14.2766    14.2768    35.9125    35.9155    26.8336    26.8359    1526.29    151.909    151.009         25 0.0000e+00
      22195    924.767    570.455    575.000    14.3524    14.3526   4.352107   4.352474     1.9098     1.8144   26.33628  -78.71412   -0.00087   -0.00052     3.4882     3.4666    14.2662    14.2664    35.9106    35.9138    26.8344    26.8368    1526.27    151.713    150.771         24 0.0000e+00
      22219    925.759    571.445    576.000    14.3259    14.3268   4.348860   4.349383     1.9073     1.8136   26.33628  -78.71412   -0.00151   -0.00076     3.4826     3.4638    14.2396    14.2405    35.9047    35.9087    26.8355    26.8384    1526.25    151.469    150.651         23 0.0000e+00
      22242    926.699    572.436    577.000    14.2741    14.2749   4.342831   4.343348     1.9053     1.8110   26.33628  -78.71412   -0.00185   -0.00121     3.4815     3.4589    14.1879    14.1887    35.8964    35.9004    26.8401    26.8431    1526.23    151.422    150.435         22 0.0000e+00
      22264    927.617    573.427    578.000    14.2317    14.2319   4.338019   4.338422     1.9026     1.8075   26.33628  -78.71412   -0.00223   -0.00194     3.4783     3.4524    14.1455    14.1457    35.8906    35.8942    26.8448    26.8475    1526.21    151.278    150.152         22 0.0000e+00
      22286    928.543    574.418    579.000    14.2141    14.2139   4.336061   4.336389     1.9013     1.8055   26.33628  -78.71412   -0.00241   -0.00251     3.4778     3.4504    14.1279    14.1276    35.8884    35.8916    26.8468    26.8494    1526.19    151.256    150.068         23 0.0000e+00
      22309    929.499    575.408    580.000    14.1808    14.1804   4.332161   4.332525     1.8990     1.8032   26.33628  -78.71412   -0.00220   -0.00287     3.4764     3.4502    14.0945    14.0941    35.8827    35.8864    26.8495    26.8524    1526.17    151.198    150.056         23 0.0000e+00
      22333    930.508    576.399    581.000    14.1522    14.1522   4.328849   4.329233     1.8976     1.8027   26.33630  -78.71412   -0.00204   -0.00237     3.4764     3.4518    14.0659    14.0659    35.8780    35.8816    26.8519    26.8547    1526.15    151.196    150.127         25 0.0000e+00
      22359    931.565    577.390    582.000    14.1095    14.1098   4.323879   4.324357     1.8967     1.8016   26.33630  -78.71412   -0.00165   -0.00153     3.4787     3.4535    14.0232    14.0235    35.8710    35.8751    26.8556    26.8588    1526.13    151.294    150.198         26 0.0000e+00
      22384    932.614    578.380    583.000    14.0690    14.0690   4.319394   4.319766     1.8954     1.7989   26.33630  -78.71412   -0.00138   -0.00121     3.4779     3.4504    13.9827    13.9828    35.8664    35.8698    26.8607    26.8633    1526.11    151.260    150.064         24 0.0000e+00
      22407    933.570    579.371    584.000    14.0638    14.0633   4.318851   4.319162     1.8943     1.7986   26.33630  -78.71412   -0.00107   -0.00137     3.4742     3.4510    13.9774    13.9769    35.8658    35.8691    26.8613    26.8640    1526.09    151.098    150.089         22 0.0000e+00
      22428    934.462    580.362    585.000    14.0458    14.0456   4.316749   4.317105     1.8924     1.7991   26.33630  -78.71412   -0.00115   -0.00119     3.4705     3.4548    13.9593    13.9591    35.8625    35.8660    26.8626    26.8653    1526.07    150.936    150.256         21 0.0000e+00
      22450    935.377    581.353    586.000    14.0201    14.0205   4.313724   4.314195     1.8899     1.7976   26.33630  -78.71412   -0.00163   -0.00081     3.4674     3.4528    13.9336    13.9340    35.8577    35.8618    26.8644    26.8674    1526.05    150.803    150.169         23 0.0000e+00
      22474    936.355    582.343    587.000    13.9710    13.9726   4.308029   4.308667     1.8887     1.7965   26.33630  -78.71412   -0.00195   -0.00062     3.4686     3.4512    13.8845    13.8861    35.8499    35.8544    26.8687    26.8718    1526.03    150.855    150.095         24 0.0000e+00
      22498    937.373    583.334    588.000    13.9209    13.9208   4.302288   4.302720     1.8885     1.7963   26.33632  -78.71412   -0.00179   -0.00080     3.4688     3.4507    13.8345    13.8344    35.8425    35.8466    26.8735    26.8767    1526.01    150.864    150.075         25 0.0000e+00
      22523    938.396    584.325    589.000    13.8195    13.8207   4.290301   4.291049     1.8860     1.7930   26.33632  -78.71412   -0.00120   -0.00116     3.4644     3.4437    13.7334    13.7345    35.8243    35.8302    26.8806    26.8849    1525.99    150.671    149.770         24 0.0000e+00
      22546    939.388    585.315    590.000    13.7354    13.7358   4.280869   4.281274     1.8805     1.7884   26.33632  -78.71412   -0.00186   -0.00194     3.4532     3.4335    13.6495    13.6499    35.8138    35.8172    26.8900    26.8926    1525.97    150.180    149.323         23 0.0000e+00
      22569    940.348    586.306    591.000    13.6989    13.7014   4.276548   4.277315     1.8758     1.7833   26.33632  -78.71412   -0.00336   -0.00342     3.4438     3.4218    13.6130    13.6154    35.8069    35.8117    26.8923    26.8956    1525.95    149.772    148.815         23 0.0000e+00
