data/raw_ctdprof/AB1705_profile_004.cnv
* Sea-Bird SBE 9 Data File:
* FileName = D:\ctd\raw\ab1705_004.hex
* Software Version Seasave V 7.26.6.26
* Temperature SN = 5237
* Conductivity SN = 3860
* Number of Bytes Per Scan = 41
* Number of Voltage Words = 4
* Number of Scans Averaged by the Deck Unit = 1
* NMEA Latitude = 26 20.03 N
* NMEA Longitude = 078 42.97 W
* NMEA UTC (Time) = May 09 2017  02:11:24
* NMEA baud rate = 4800
# nquan = 27
# nvalues = 1379                        
# units = specified
# name 0 = scan: Scan Count
# name 1 = timeS: Time, Elapsed [seconds]
# name 2 = depSM: Depth [salt water, m]
# name 3 = prDM: Pressure, Digiquartz [db]
# name 4 = t090C: Temperature [ITS-90, deg C]
# name 5 = t190C: Temperature, 2 [ITS-90, deg C]
# name 6 = c0S/m: Conductivity [S/m]
# name 7 = c1S/m: Conductivity, 2 [S/m]
# name 8 = sbeox0V: Oxygen raw, SBE 43 [V]
# name 9 = sbeox1V: Oxygen raw, SBE 43, 2 [V]
# name 10 = latitude: Latitude [deg]
# name 11 = longitude: Longitude [deg]
# name 12 = sbox0dV/dT: Oxygen, SBE 43 [dov/dt]
# name 13 = sbox1dV/dT: Oxygen, SBE 43, 2 [dov/dt]
# name 14 = sbeox0ML/L: Oxygen, SBE 43 [ml/l]
# name 15 = sbeox1ML/L: Oxygen, SBE 43, 2 [ml/l]
# name 16 = potemp090C: Potential Temperature [ITS-90, deg C]
# name 17 = potemp190C: Potential Temperature, 2 [ITS-90, deg C]
# name 18 = sal00: Salinity, Practical [PSU]
# name 19 = sal11: Salinity, Practical, 2 [PSU]
# name 20 = sigma-é00: Density [sigma-theta, kg/m^3]
# name 21 = sigma-é11: Density, 2 [sigma-theta, kg/m^3]
# name 22 = avgsvCM: Average Sound Velocity [Chen-Millero, m/s]
# name 23 = sbox0Mm/Kg: Oxygen, SBE 43 [umol/kg]
# name 24 = sbox1Mm/Kg: Oxygen, SBE 43, 2 [umol/kg]
# name 25 = nbin: Scans Per Bin
# name 26 = flag:
# span 0 =       5577,      55038       
# span 1 =    232.329,   2293.205       
# span 2 =      1.986,    685.347       
# span 3 =      2.000,    691.000       
# span 4 =    10.3910,    26.1195       
# span 5 =    10.3845,    26.1178       
# span 6 =   3.906252,   5.635120       
# span 7 =   3.905807,   5.634763       
# span 8 =     1.5739,     2.9031       
# span 9 =     1.4983,     2.7779       
# span 10 =   26.33460,   26.33987      
# span 11 =  -78.71542,  -78.71328      
# span 12 =   -0.00828,    0.01213      
# span 13 =   -0.00754,    0.01196      
# span 14 =     2.9151,     4.6912      
# span 15 =     2.8951,     4.6939      
# span 16 =    10.3067,    26.1191      
# span 17 =    10.3002,    26.1174      
# span 18 =    35.2985,    36.8804      
# span 19 =    35.3002,    36.8825      
# span 20 =    24.1554,    27.1319      
# span 21 =    24.1550,    27.1344      
# span 22 =       0.00,    1538.89      
# span 23 =    126.751,    204.362      
# span 24 =    125.881,    204.480      
# span 25 =          3,         72      
# span 26 = 0.0000e+00, 0.0000e+00      
# interval = decibars: 1                
# start_time = May 09 2017 02:11:24 [NMEA time, header]
# bad_flag = -9.990e-29
*END*
[from data line 269]
      14856    618.953    269.055    271.000    19.6089    19.6093   4.958170   4.958586     2.4970     2.3779   26.33556  -78.71456   -0.00484   -0.00527     4.3266     4.3207    19.5589    19.5593    36.6080    36.6110    26.1054    26.1077    1531.94    188.310    188.053         25 0.0000e+00
      14881    620.003    270.047    272.000    19.5871    19.5874   4.956347   4.956695     2.4896     2.3731   26.33556  -78.71456   -0.00604   -0.00611     4.3135     4.3120    19.5370    19.5372    36.6115    36.6141    26.1139    26.1159    1531.93    187.738    187.673         26 0.0000e+00
      14907    621.080    271.039    273.000    19.5734    19.5735   4.954920   4.955292     2.4820     2.3653   26.33556  -78.71456   -0.00636   -0.00630     4.3015     4.2971    19.5231    19.5232    36.6113    36.6143    26.1174    26.1196    1531.91    187.214    187.024         25 0.0000e+00
      14933    622.151    272.031    274.000    19.5554    19.5557   4.952919   4.953309     2.4781     2.3584   26.33556  -78.71456   -0.00636   -0.00614     4.2980     4.2843    19.5050    19.5053    36.6100    36.6130    26.1211    26.1233    1531.89    187.061    186.465         26 0.0000e+00
      14957    623.174    273.023    275.000    19.5372    19.5370   4.951251   4.951567     2.4766     2.3566   26.33556  -78.71456   -0.00494   -0.00592     4.2971     4.2826    19.4866    19.4865    36.6117    36.6145    26.1272    26.1294    1531.87    187.023    186.390         24 0.0000e+00
      14981    624.154    274.016    276.000    19.5362    19.5358   4.951302   4.951573     2.4721     2.3517   26.33558  -78.71456   -0.00350   -0.00465     4.2870     4.2735    19.4855    19.4850    36.6126    36.6152    26.1282    26.1304    1531.85    186.584    185.993         23 0.0000e+00
      15004    625.136    275.008    277.000    19.5282    19.5292   4.950269   4.950766     2.4666     2.3442   26.33558  -78.71456   -0.00339   -0.00458     4.2754     4.2594    19.4773    19.4783    36.6107    36.6139    26.1289    26.1311    1531.83    186.078    185.381         24 0.0000e+00
      15028    626.140    276.000    278.000    19.4953    19.4962   4.946357   4.946825     2.4634     2.3434   26.33558  -78.71456   -0.00417   -0.00462     4.2746     4.2647    19.4443    19.4452    36.6065    36.6097    26.1344    26.1365    1531.81    186.041    185.611         24 0.0000e+00
      15053    627.180    276.992    279.000    19.4891    19.4887   4.945863   4.946148     2.4601     2.3435   26.33558  -78.71456   -0.00423   -0.00378     4.2718     4.2685    19.4379    19.4375    36.6075    36.6102    26.1367    26.1389    1531.79    185.919    185.774         26 0.0000e+00
      15079    628.246    277.984    280.000    19.4881    19.4877   4.945944   4.946234     2.4604     2.3429   26.33558  -78.71454   -0.00308   -0.00119     4.2739     4.2651    19.4367    19.4363    36.6087    36.6115    26.1380    26.1402    1531.77    186.009    185.625         25 0.0000e+00
      15105    629.320    278.976    281.000    19.4478    19.4488   4.941473   4.942013     2.4587     2.3394   26.33558  -78.71454   -0.00154   -0.00085     4.2724     4.2580    19.3962    19.3973    36.6064    36.6100    26.1469    26.1493    1531.75    185.943    185.317         26 0.0000e+00
      15130    630.375    279.968    282.000    19.4159    19.4166   4.937927   4.938373     2.4556     2.3351 -9.990e-29  -78.71454   -0.00136   -0.00193     4.2663     4.2506    19.3643    19.3650    36.6044    36.6075    26.1537    26.1558    1531.73    185.677    184.991         25 0.0000e+00
      15154    631.375    280.961    283.000    19.4044    19.4042   4.936703   4.937009     2.4525     2.3336 -9.990e-29  -78.71454   -0.00183   -0.00312     4.2628     4.2508    19.3526    19.3524    36.6040    36.6067    26.1564    26.1585    1531.71    185.522    185.003         23 0.0000e+00
      15177    632.343    281.953    284.000    19.3957    19.3967   4.935609   4.936086     2.4494     2.3311 -9.990e-29  -78.71454   -0.00304   -0.00276     4.2589     4.2488    19.3438    19.3447    36.6021    36.6052    26.1572    26.1594    1531.69    185.353    184.912         23 0.0000e+00
      15201    633.344    282.945    285.000    19.3756    19.3753   4.933404   4.933707     2.4515     2.3312   26.33560  -78.71454   -0.00229   -0.00231     4.2648     4.2522    19.3235    19.3232    36.6009    36.6037    26.1616    26.1638    1531.68    185.608    185.061         25 0.0000e+00
      15227    634.401    283.937    286.000    19.3319    19.3328   4.928225   4.928740     2.4490     2.3313   26.33560  -78.71454   -0.00118   -0.00092     4.2615     4.2538    19.2797    19.2806    36.5957    36.5992    26.1690    26.1715    1531.66    185.466    185.131         26 0.0000e+00
      15252    635.474    284.929    287.000    19.3077    19.3098   4.925711   4.926287     2.4441     2.3296   26.33560  -78.71454   -0.00132   -0.00048     4.2502     4.2502    19.2553    19.2575    36.5956    36.5985    26.1753    26.1770    1531.64    184.972    184.971         26 0.0000e+00
      15278    636.525    285.921    288.000    19.2911    19.2919   4.924202   4.924592     2.4419     2.3236   26.33560  -78.71454   -0.00257   -0.00129     4.2455     4.2374    19.2386    19.2394    36.5972    36.5997    26.1808    26.1826    1531.62    184.768    184.413         24 0.0000e+00
      15302    637.538    286.913    289.000    19.2854    19.2848   4.923806   4.924092     2.4394     2.3238   26.33560  -78.71454   -0.00323   -0.00282     4.2409     4.2390    19.2327    19.2322    36.5985    36.6014    26.1834    26.1857    1531.60    184.567    184.483         24 0.0000e+00
      15326    638.532    287.905    290.000    19.2854    19.2852   4.923898   4.924182     2.4333     2.3222   26.33560  -78.71454   -0.00314   -0.00246     4.2287     4.2356    19.2325    19.2323    36.5989    36.6015    26.1837    26.1857    1531.58    184.034    184.335         24 0.0000e+00
      15350    639.553    288.897    291.000    19.2844    19.2835   4.924017   4.924330     2.4306     2.3189   26.33560  -78.71454   -0.00375   -0.00189     4.2255     4.2254    19.2314    19.2305    36.6004    36.6038    26.1852    26.1880    1531.56    183.894    183.891         25 0.0000e+00
      15376    640.605    289.889    292.000    19.2829    19.2824   4.924094   4.924377     2.4297     2.3146   26.33561  -78.71453   -0.00339   -0.00216     4.2265     4.2155    19.2296    19.2291    36.6020    36.6048    26.1869    26.1891    1531.54    183.938    183.459         26 0.0000e+00
      15401    641.657    290.882    293.000    19.2745    19.2716   4.923232   4.923216     2.4283     2.3099   26.33562  -78.71452   -0.00232   -0.00370     4.2268     4.2081    19.2211    19.2182    36.6018    36.6043    26.1889    26.1915    1531.52    183.952    183.139         25 0.0000e+00
      15425    642.676    291.874    294.000    19.2530    19.2520   4.920820   4.921054     2.4256     2.3087   26.33562  -78.71451   -0.00153   -0.00371     4.2250     4.2097    19.1995    19.1984    36.6001    36.6030    26.1932    26.1957    1531.51    183.872    183.205         24 0.0000e+00
      15449    643.674    292.865    295.000    19.2502    19.2499   4.920590   4.920889     2.4281     2.3082   26.33563  -78.71450   -0.00135   -0.00270     4.2309     4.2115    19.1964    19.1962    36.6004    36.6031    26.1942    26.1964    1531.49    184.129    183.282         23 0.0000e+00
      15473    644.658    293.858    296.000    19.2483    19.2486   4.920426   4.920777     2.4284     2.3060   26.33564  -78.71450   -0.00017   -0.00166     4.2297     4.2069    19.1944    19.1947    36.6003    36.6030    26.1947    26.1966    1531.48    184.078    183.084         24 0.0000e+00
      15497    645.659    294.850    297.000    19.2467    19.2454   4.920267   4.920462     2.4252     2.3060   26.33564  -78.71450    0.00008   -0.00109     4.2187     4.2062    19.1926    19.1913    36.5999    36.6028    26.1949    26.1974    1531.46    183.599    183.052         25 0.0000e+00
      15522    646.720    295.842    298.000    19.1918    19.1905   4.913804   4.914141     2.4211     2.3046   26.33564  -78.71450   -0.00110   -0.00096     4.2122     4.2067    19.1376    19.1363    36.5938    36.5978    26.2044    26.2078    1531.44    183.312    183.071         26 0.0000e+00
      15548    647.800    296.834    299.000    19.1221    19.1226   4.906425   4.906860     2.4174     2.3006   26.33564  -78.71450   -0.00313   -0.00133     4.2108     4.2022    19.0680    19.0684    36.5928    36.5961    26.2217    26.2241    1531.42    183.251    182.873         25 0.0000e+00
      15574    648.854    297.826    300.000    19.0948    19.0951   4.903669   4.904047     2.4149     2.2993   26.33564  -78.71450   -0.00355   -0.00221     4.2089     4.1994    19.0405    19.0408    36.5934    36.5963    26.2292    26.2314    1531.40    183.165    182.753         25 0.0000e+00
      15598    649.868    298.818    301.000    19.0885    19.0885   4.903190   4.903498     2.4133     2.2988   26.33564  -78.71450   -0.00272   -0.00203     4.2073     4.1989    19.0340    19.0340    36.5946    36.5972    26.2318    26.2338    1531.38    183.097    182.729         24 0.0000e+00
      15621    650.850    299.810    302.000    19.0826    19.0825   4.902624   4.902944     2.4101     2.2913   26.33564  -78.71450   -0.00236   -0.00230     4.2013     4.1813    19.0279    19.0279    36.5947    36.5974    26.2334    26.2356    1531.36    182.832    181.964         24 0.0000e+00
      15645    651.827    300.802    303.000    19.0771    19.0771   4.902095   4.902454     2.4092     2.2898   26.33565  -78.71450   -0.00219   -0.00300     4.1992     4.1796    19.0222    19.0222    36.5947    36.5977    26.2349    26.2372    1531.34    182.741    181.890         23 0.0000e+00
      15669    652.825    301.794    304.000    19.0612    19.0614   4.900346   4.900736     2.4067     2.2880   26.33566  -78.71450   -0.00212   -0.00348     4.1958     4.1812    19.0062    19.0064    36.5937    36.5968    26.2383    26.2406    1531.32    182.594    181.958         25 0.0000e+00
      15693    653.852    302.786    305.000    19.0429    19.0428   4.898322   4.898668     2.4033     2.2860   26.33566  -78.71450   -0.00214   -0.00280     4.1909     4.1793    18.9878    18.9877    36.5924    36.5954    26.2420    26.2444    1531.30    182.379    181.872         25 0.0000e+00
      15719    654.912    303.778    306.000    19.0368    19.0362   4.897635   4.897927     2.4018     2.2868   26.33566  -78.71450   -0.00243   -0.00139     4.1892     4.1837    18.9814    18.9809    36.5917    36.5946    26.2431    26.2455    1531.28    182.303    182.065         25 0.0000e+00
      15744    655.975    304.770    307.000    19.0274    19.0269   4.896660   4.896943     2.4018     2.2845   26.33566  -78.71449   -0.00210   -0.00093     4.1898     4.1801    18.9720    18.9715    36.5913    36.5941    26.2453    26.2476    1531.26    182.330    181.910         25 0.0000e+00
      15769    657.010    305.762    308.000    19.0173    19.0170   4.895533   4.895851     2.3987     2.2854   26.33566  -78.71448   -0.00136   -0.00061     4.1830     4.1818    18.9617    18.9614    36.5904    36.5933    26.2472    26.2496    1531.24    182.033    181.983         25 0.0000e+00
      15793    658.020    306.754    309.000    19.0019    19.0020   4.893898   4.894271     2.3946     2.2850   26.33566  -78.71448   -0.00178   -0.00041     4.1777     4.1820    18.9461    18.9462    36.5899    36.5930    26.2508    26.2532    1531.23    181.803    181.992         24 0.0000e+00
      15818    659.030    307.746    310.000    18.9814    18.9817   4.891645   4.892021     2.3935     2.2816   26.33566  -78.71448   -0.00258   -0.00075     4.1825     4.1759    18.9255    18.9258    36.5886    36.5915    26.2552    26.2573    1531.22    182.010    181.724         24 0.0000e+00
      15842    660.053    308.738    311.000    18.9721    18.9716   4.890597   4.890903     2.3961     2.2809   26.33566  -78.71448   -0.00208   -0.00116     4.1927     4.1776    18.9160    18.9155    36.5877    36.5907    26.2569    26.2593    1531.20    182.455    181.797         25 0.0000e+00
      15867    661.091    309.730    312.000    18.9651    18.9650   4.889756   4.890118     2.3986     2.2811   26.33566  -78.71448    0.00037   -0.00151     4.1998     4.1811    18.9088    18.9087    36.5864    36.5895    26.2578    26.2602    1531.18    182.763    181.950         25 0.0000e+00
      15892    662.120    310.722    313.000    18.9389    18.9396   4.886609   4.887092     2.3981     2.2828   26.33566  -78.71448    0.00155   -0.00043     4.1984     4.1869    18.8826    18.8832    36.5826    36.5861    26.2616    26.2641    1531.16    182.704    182.200         25 0.0000e+00
      15916    663.144    311.714    314.000    18.8888    18.8889   4.881210   4.881541     2.3988     2.2819 -9.990e-29  -78.71448    0.00121    0.00056     4.1991     4.1859    18.8323    18.8325    36.5810    36.5837    26.2733    26.2753    1531.14    182.729    182.158         24 0.0000e+00
      15941    664.181    312.706    315.000    18.8773    18.8759   4.880365   4.880578     2.3984     2.2805 -9.990e-29  -78.71448    0.00034    0.00010     4.1930     4.1788    18.8207    18.8193    36.5837    36.5867    26.2783    26.2809    1531.12    182.466    181.846         25 0.0000e+00
      15966    665.229    313.698    316.000    18.8605    18.8611   4.878634   4.879088     2.3919     2.2770 -9.990e-29  -78.71448   -0.00084   -0.00106     4.1728     4.1659    18.8037    18.8044    36.5836    36.5868    26.2826    26.2848    1531.10    181.585    181.284         25 0.0000e+00
      15991    666.241    314.690    317.000    18.8046    18.8044   4.872495   4.872890     2.3850     2.2713   26.33568  -78.71448   -0.00317   -0.00272     4.1604     4.1523    18.7478    18.7475    36.5808    36.5843    26.2948    26.2975    1531.08    181.044    180.691         24 0.0000e+00
      16014    667.213    315.682    318.000    18.7578    18.7603   4.866805   4.867618     2.3776     2.2626   26.33568  -78.71448   -0.00574   -0.00435     4.1546     4.1392    18.7009    18.7034    36.5737    36.5784    26.3013    26.3042    1531.06    180.787    180.119         23 0.0000e+00
      16038    668.215    316.674    319.000    18.6448    18.6464   4.853916   4.854565     2.3746     2.2547   26.33568  -78.71446   -0.00659   -0.00679     4.1648     4.1394    18.5880    18.5896    36.5643    36.5684    26.3229    26.3256    1531.05    181.232    180.124         25 0.0000e+00
      16063    669.268    317.665    320.000    18.6166    18.6172   4.850899   4.851335     2.3782     2.2592   26.33568  -78.71446   -0.00418   -0.00616     4.1825     4.1632    18.5596    18.5602    36.5634    36.5666    26.3294    26.3316    1531.03    181.997    181.158         26 0.0000e+00
      16089    670.325    318.658    321.000    18.6050    18.6050   4.849603   4.849975     2.3790     2.2645   26.33568  -78.71446   -0.00080   -0.00165     4.1879     4.1809    18.5478    18.5479    36.5624    36.5655    26.3316    26.3339    1531.01    182.232    181.930         25 0.0000e+00
      16113    671.341    319.649    322.000    18.5810    18.5811   4.846806   4.847208     2.3804     2.2663   26.33568  -78.71446    0.00134    0.00271     4.1920     4.1819    18.5237    18.5239    36.5595    36.5628    26.3355    26.3380    1530.99    182.409    181.970         24 0.0000e+00
      16137    672.339    320.641    323.000    18.5699    18.5692   4.845626   4.845893     2.3817     2.2658   26.33570  -78.71446    0.00152    0.00322     4.1943     4.1763    18.5125    18.5117    36.5590    36.5619    26.3380    26.3404    1530.97    182.508    181.725         24 0.0000e+00
