data/raw_ctdprof/AB1705_profile_004.cnv
* Sea-Bird SBE 9 Data File:
* FileName = D:\ctd\raw\ab1705_004.hex
* Software Version Seasave V 7.26.6.26
* Temperature SN = 5237
* Conductivity SN = 3860
* Number of Bytes Per Scan = 41
* Number of Voltage Words = 4
* Number of Scans Averaged by the Deck Unit = 1
* NMEA Latitude = 26 20.03 N
* NMEA Longitude = 078 42.97 W
* NMEA UTC (Time) = May 09 2017  02:11:24
* NMEA baud rate = 4800
# nquan = 27
# nvalues = 1379                        
# units = specified
# name 0 = scan: Scan Count
# name 1 = timeS: Time, Elapsed [seconds]
# name 2 = depSM: Depth [salt water, m]
# name 3 = prDM: Pressure, Digiquartz [db]
# name 4 = t090C: Temperature [ITS-90, deg C]
# name 5 = t190C: Temperature, 2 [ITS-90, deg C]
# name 6 = c0S/m: Conductivity [S/m]
# name 7 = c1S/m: Conductivity, 2 [S/m]
# name 8 = sbeox0V: Oxygen raw, SBE 43 [V]
# name 9 = sbeox1V: Oxygen raw, SBE 43, 2 [V]
# name 10 = latitude: Latitude [deg]
# name 11 = longitude: Longitude [deg]
# name 12 = sbox0dV/dT: Oxygen, SBE 43 [dov/dt]
# name 13 = sbox1dV/dT: Oxygen, SBE 43, 2 [dov/dt]
# name 14 = sbeox0ML/L: Oxygen, SBE 43 [ml/l]
# name 15 = sbeox1ML/L: Oxygen, SBE 43, 2 [ml/l]
# name 16 = potemp090C: Potential Temperature [ITS-90, deg C]
# name 17 = potemp190C: Potential Temperature, 2 [ITS-90, deg C]
# name 18 = sal00: Salinity, Practical [PSU]
# name 19 = sal11: Salinity, Practical, 2 [PSU]
# name 20 = sigma-é00: Density [sigma-theta, kg/m^3]
# name 21 = sigma-é11: Density, 2 [sigma-theta, kg/m^3]
# name 22 = avgsvCM: Average Sound Velocity [Chen-Millero, m/s]
# name 23 = sbox0Mm/Kg: Oxygen, SBE 43 [umol/kg]
# name 24 = sbox1Mm/Kg: Oxygen, SBE 43, 2 [umol/kg]
# name 25 = nbin: Scans Per Bin
# name 26 = flag:
# span 0 =       5577,      55038       
# span 1 =    232.329,   2293.205       
# span 2 =      1.986,    685.347       
# span 3 =      2.000,    691.000       
# span 4 =    10.3910,    26.1195       
# span 5 =    10.3845,    26.1178       
# span 6 =   3.906252,   5.635120       
# span 7 =   3.905807,   5.634763       
# span 8 =     1.5739,     2.9031       
# span 9 =     1.4983,     2.7779       
# span 10 =   26.33460,   26.33987      
# span 11 =  -78.71542,  -78.71328      
# span 12 =   -0.00828,    0.01213      
# span 13 =   -0.00754,    0.01196      
# span 14 =     2.9151,     4.6912      
# span 15 =     2.8951,     4.6939      
# span 16 =    10.3067,    26.1191      
# span 17 =    10.3002,    26.1174      
# span 18 =    35.2985,    36.8804      
# span 19 =    35.3002,    36.8825      
# span 20 =    24.1554,    27.1319      
# span 21 =    24.1550,    27.1344      
# span 22 =       0.00,    1538.89      
# span 23 =    126.751,    204.362      
# span 24 =    125.881,    204.480      
# span 25 =          3,         72      
# span 26 = 0.0000e+00, 0.0000e+00      
# interval = decibars: 1                
# start_time = May 09 2017 02:11:24 [NMEA time, header]
# bad_flag = -9.990e-29
*END*
[from data line 752]
      30861   1285.850    622.957    628.000    12.9053    12.9014   4.187256   4.187020     1.7814     1.6950   26.33718  -78.71390    0.00133    0.00114     3.3007     3.2764    12.8174    12.8135    35.6889    35.6903    26.9637    26.9655    1523.47    143.540    142.481         24 0.0000e+00
      30885   1286.819    621.966    627.000    12.9217    12.9219   4.189005   4.189290     1.7821     1.6951   26.33718  -78.71390    0.00155    0.00086     3.3022     3.2771    12.8339    12.8341    35.6906    35.6931    26.9617    26.9636    1523.47    143.606    142.511         23 0.0000e+00
      30908   1287.786    620.975    626.000    12.9468    12.9541   4.192049   4.192852     1.7846     1.6964   26.33718  -78.71390    0.00179    0.00070     3.3068     3.2812    12.8590    12.8663    35.6966    35.6973    26.9612    26.9603    1523.47    143.805    142.692         23 0.0000e+00
      30932   1288.775    619.985    625.000    12.9806    12.9683   4.195553   4.194262     1.7875     1.6992   26.33718  -78.71390    0.00198    0.00110     3.3143     3.2915    12.8928    12.8805    35.6986    35.6979    26.9560    26.9579    1523.47    144.131    143.138         24 0.0000e+00
      30956   1289.792    618.995    624.000    13.0254    13.0149   4.200497   4.199579     1.7892     1.7025   26.33719  -78.71390    0.00220    0.00187     3.3160     3.2992    12.9375    12.9271    35.7041    35.7052    26.9512    26.9542    1523.47    144.205    143.476         25 0.0000e+00
      30980   1290.787    618.004    623.000    13.0614    13.0539   4.204714   4.204108     1.7930     1.7059   26.33720  -78.71390    0.00260    0.00285     3.3223     3.3048    12.9735    12.9661    35.7109    35.7121    26.9492    26.9517    1523.47    144.480    143.721         23 0.0000e+00
      31003   1291.768    617.014    622.000    13.0784    13.0728   4.206668   4.206336     1.7958     1.7093   26.33720  -78.71390    0.00276    0.00330     3.3269     3.3103    12.9906    12.9850    35.7140    35.7160    26.9482    26.9509    1523.47    144.680    143.957         24 0.0000e+00
      31027   1292.764    616.023    621.000    13.0911    13.0893   4.208111   4.208135     1.7976     1.7114   26.33720  -78.71390    0.00281    0.00324     3.3269     3.3116    13.0034    13.0016    35.7162    35.7181    26.9473    26.9491    1523.47    144.682    144.015         24 0.0000e+00
      31051   1293.764    615.033    620.000    13.0973    13.0962   4.208828   4.208851     1.7994     1.7130   26.33720  -78.71390    0.00255    0.00270     3.3291     3.3123    13.0097    13.0086    35.7176    35.7188    26.9471    26.9483    1523.47    144.776    144.047         24 0.0000e+00
      31075   1294.769    614.042    619.000    13.1055    13.1076   4.209723   4.210096     1.8000     1.7142   26.33720  -78.71390    0.00182    0.00208     3.3297     3.3137    13.0180    13.0200    35.7188    35.7204    26.9464    26.9472    1523.47    144.801    144.105         24 0.0000e+00
      31100   1295.804    613.052    618.000    13.1160    13.1144   4.210863   4.210871     1.8018     1.7152   26.33720  -78.71390    0.00135    0.00141     3.3330     3.3149    13.0286    13.0270    35.7202    35.7218    26.9453    26.9468    1523.47    144.945    144.157         25 0.0000e+00
      31125   1296.830    612.061    617.000    13.1247    13.1225   4.211763   4.211697     1.8041     1.7168   26.33720  -78.71390    0.00142    0.00122     3.3365     3.3167    13.0374    13.0353    35.7210    35.7224    26.9442    26.9457    1523.47    145.100    144.236         24 0.0000e+00
      31148   1297.789    611.071    616.000    13.1379    13.1353   4.213208   4.213126     1.8048     1.7180   26.33721  -78.71390    0.00163    0.00128     3.3361     3.3171    13.0507    13.0481    35.7228    35.7245    26.9428    26.9446    1523.47    145.082    144.256         23 0.0000e+00
      31170   1298.713    610.080    615.000    13.1659    13.1639   4.216399   4.216477     1.8044     1.7172   26.33722  -78.71390    0.00133    0.00104     3.3335     3.3131    13.0787    13.0767    35.7272    35.7299    26.9406    26.9431    1523.47    144.966    144.079         22 0.0000e+00
      31193   1299.657    609.089    614.000    13.2032    13.1967   4.220543   4.220129     1.8062     1.7173   26.33722  -78.71390    0.00086    0.00049     3.3381     3.3133    13.1160    13.1095    35.7321    35.7342    26.9368    26.9397    1523.47    145.169    144.091         23 0.0000e+00
      31217   1300.681    608.099    613.000    13.2182    13.2190   4.222363   4.222760     1.8086     1.7198   26.33722  -78.71390    0.00092    0.00033     3.3462     3.3223    13.1311    13.1319    35.7356    35.7387    26.9364    26.9387    1523.47    145.523    144.481         26 0.0000e+00
      31243   1301.765    607.108    612.000    13.2419    13.2472   4.224801   4.225730     1.8118     1.7231   26.33722  -78.71390    0.00187    0.00127     3.3518     3.3310    13.1548    13.1601    35.7370    35.7409    26.9327    26.9346    1523.47    145.763    144.862         26 0.0000e+00
      31268   1302.811    606.118    611.000    13.2551    13.2550   4.226396   4.226589     1.8143     1.7253   26.33722  -78.71390    0.00254    0.00236     3.3537     3.3352    13.1681    13.1680    35.7402    35.7421    26.9324    26.9340    1523.47    145.849    145.042         24 0.0000e+00
      31292   1303.784    605.127    610.000    13.2658    13.2661   4.227699   4.227911     1.8153     1.7276   26.33722  -78.71390    0.00248    0.00260     3.3532     3.3385    13.1789    13.1792    35.7430    35.7447    26.9324    26.9336    1523.47    145.824    145.187         22 0.0000e+00
      31314   1304.707    604.137    609.000    13.2758    13.2765   4.228774   4.228988     1.8152     1.7292   26.33722  -78.71390    0.00173    0.00231     3.3498     3.3409    13.1890    13.1897    35.7442    35.7456    26.9313    26.9322    1523.47    145.681    145.292         21 0.0000e+00
      31336   1305.638    603.146    608.000    13.2848    13.2842   4.229820   4.229903     1.8172     1.7306   26.33722  -78.71390    0.00112    0.00198     3.3532     3.3435    13.1981    13.1975    35.7461    35.7475    26.9308    26.9321    1523.47    145.826    145.404         23 0.0000e+00
      31360   1306.645    602.155    607.000    13.2938    13.2950   4.230746   4.231106     1.8174     1.7322   26.33723  -78.71390    0.00094    0.00175     3.3544     3.3452    13.2072    13.2085    35.7468    35.7491    26.9296    26.9311    1523.47    145.880    145.481         26 0.0000e+00
      31387   1307.740    601.165    606.000    13.3008    13.2992   4.231554   4.231487     1.8179     1.7342   26.33724  -78.71390    0.00077    0.00164     3.3565     3.3497    13.2143    13.2127    35.7484    35.7492    26.9293    26.9303    1523.47    145.969    145.675         26 0.0000e+00
      31413   1308.816    600.175    605.000    13.3172    13.3105   4.233371   4.232682     1.8207     1.7345   26.33724  -78.71390    0.00092    0.00145     3.3626     3.3493    13.2309    13.2241    35.7506    35.7504    26.9276    26.9289    1523.47    146.236    145.658         25 0.0000e+00
      31436   1309.792    599.184    604.000    13.3248    13.3223   4.234165   4.234112     1.8227     1.7363   26.33724  -78.71390    0.00142    0.00120     3.3672     3.3526    13.2385    13.2361    35.7514    35.7532    26.9267    26.9286    1523.47    146.436    145.803         23 0.0000e+00
      31458   1310.713    598.193    603.000    13.3432    13.3411   4.236279   4.236080     1.8225     1.7381   26.33724  -78.71390    0.00176    0.00129     3.3628     3.3549    13.2570    13.2549    35.7546    35.7547    26.9254    26.9259    1523.47    146.246    145.901         22 0.0000e+00
      31480   1311.643    597.202    602.000    13.3589    13.3549   4.238016   4.237798     1.8245     1.7386   26.33724  -78.71390    0.00147    0.00135     3.3650     3.3531    13.2727    13.2688    35.7568    35.7585    26.9239    26.9260    1523.47    146.341    145.824         23 0.0000e+00
      31504   1312.629    596.212    601.000    13.3699    13.3626   4.239282   4.238639     1.8252     1.7384   26.33724  -78.71390    0.00119    0.00126     3.3661     3.3505    13.2838    13.2766    35.7589    35.7596    26.9232    26.9253    1523.47    146.389    145.710         24 0.0000e+00
      31529   1313.662    595.221    600.000    13.3845    13.3776   4.240881   4.240232     1.8255     1.7389 -9.990e-29  -78.71390    0.00090    0.00051     3.3651     3.3524    13.2986    13.2917    35.7607    35.7611    26.9216    26.9233    1523.47    146.348    145.791         25 0.0000e+00
      31554   1314.720    594.231    599.000    13.4055    13.3948   4.243275   4.242209     1.8270     1.7400 -9.990e-29  -78.71390    0.00092    0.00031     3.3690     3.3562    13.3196    13.3090    35.7641    35.7641    26.9200    26.9221    1523.47    146.516    145.959         25 0.0000e+00
      31579   1315.750    593.240    598.000    13.4231    13.4143   4.245241   4.244465     1.8281     1.7426 -9.990e-29  -78.71390    0.00080    0.00082     3.3724     3.3626    13.3372    13.3285    35.7667    35.7676    26.9183    26.9208    1523.47    146.662    146.237         24 0.0000e+00
      31603   1316.729    592.249    597.000    13.4352    13.4323   4.246676   4.246513     1.8301     1.7438   26.33726  -78.71389    0.00122    0.00156     3.3765     3.3625    13.3495    13.3466    35.7694    35.7705    26.9179    26.9193    1523.47    146.841    146.233         24 0.0000e+00
      31626   1317.694    591.259    596.000    13.4498    13.4479   4.248259   4.248262     1.8325     1.7453   26.33726  -78.71389    0.00166    0.00172     3.3810     3.3637    13.3642    13.3622    35.7711    35.7729    26.9161    26.9179    1523.47    147.036    146.283         23 0.0000e+00
      31649   1318.669    590.268    595.000    13.4620    13.4654   4.249737   4.250234     1.8335     1.7449   26.33726  -78.71389    0.00190    0.00143     3.3806     3.3618    13.3765    13.3799    35.7740    35.7755    26.9159    26.9163    1523.47    147.019    146.204         23 0.0000e+00
      31673   1319.670    589.278    594.000    13.4740    13.4785   4.251020   4.251681     1.8347     1.7463   26.33726  -78.71388    0.00173    0.00080     3.3811     3.3644    13.3885    13.3930    35.7753    35.7773    26.9144    26.9150    1523.47    147.041    146.314         25 0.0000e+00
      31698   1320.705    588.287    593.000    13.4909    13.4983   4.252965   4.253915     1.8357     1.7490   26.33726  -78.71388    0.00133    0.00103     3.3825     3.3704    13.4055    13.4129    35.7783    35.7803    26.9132    26.9133    1523.47    147.104    146.577         25 0.0000e+00
      31723   1321.734    587.296    592.000    13.5164    13.5155   4.255814   4.255803     1.8370     1.7491   26.33726  -78.71388    0.00107    0.00133     3.3854     3.3695    13.4311    13.4302    35.7817    35.7825    26.9105    26.9113    1523.47    147.228    146.540         24 0.0000e+00
      31747   1322.737    586.306    591.000    13.5463    13.5371   4.259233   4.258052     1.8384     1.7502   26.33727  -78.71388    0.00116    0.00136     3.3884     3.3719    13.4610    13.4519    35.7864    35.7839    26.9081    26.9080    1523.47    147.360    146.642         24 0.0000e+00
      31770   1323.717    585.315    590.000    13.5667    13.5587   4.261451   4.260937     1.8411     1.7525   26.33728  -78.71388    0.00140    0.00111     3.3951     3.3796    13.4815    13.4735    35.7887    35.7913    26.9055    26.9092    1523.47    147.654    146.976         23 0.0000e+00
      31793   1324.679    584.325    589.000    13.6014    13.6021   4.265600   4.265781     1.8432     1.7552   26.33728  -78.71388    0.00197    0.00152     3.4004     3.3854    13.5161    13.5168    35.7958    35.7968    26.9039    26.9045    1523.47    147.885    147.232         23 0.0000e+00
      31816   1325.635    583.334    588.000    13.6469    13.6486   4.270868   4.271007     1.8455     1.7583   26.33728  -78.71388    0.00223    0.00234     3.4057     3.3910    13.5617    13.5633    35.8032    35.8029    26.9001    26.8996    1523.47    148.113    147.474         23 0.0000e+00
      31840   1326.618    582.343    587.000    13.7012    13.6975   4.276992   4.276583     1.8498     1.7611   26.33728  -78.71388    0.00264    0.00291     3.4157     3.3927    13.6159    13.6121    35.8105    35.8101    26.8945    26.8950    1523.47    148.551    147.551         24 0.0000e+00
      31864   1327.645    581.352    586.000    13.7426    13.7409   4.281776   4.281940     1.8547     1.7644   26.33728  -78.71388    0.00338    0.00303     3.4274     3.3973    13.6572    13.6556    35.8173    35.8203    26.8911    26.8938    1523.47    149.061    147.749         26 0.0000e+00
      31890   1328.710    580.362    585.000    13.8273    13.7937   4.290964   4.288157     1.8596     1.7650   26.33728  -78.71388    0.00427    0.00268     3.4342     3.3971    13.7417    13.7083    35.8249    35.8298    26.8793    26.8902    1523.47    149.358    147.740         25 0.0000e+00
      31915   1329.753    579.371    584.000    13.8868    13.8530   4.298469   4.294503     1.8647     1.7688   26.33728  -78.71388    0.00470    0.00216     3.4415     3.4051    13.8011    13.7674    35.8401    35.8345    26.8786    26.8814    1523.47    149.676    148.090         25 0.0000e+00
      31939   1330.744    578.380    583.000    13.9533    13.9071   4.306110   4.300650     1.8693     1.7742   26.33728  -78.71388    0.00472    0.00276     3.4462     3.4192    13.8675    13.8215    35.8500    35.8420    26.8723    26.8758    1523.47    149.880    148.704         23 0.0000e+00
      31962   1331.704    577.390    582.000    13.9918    13.9886   4.310707   4.310335     1.8733     1.7769   26.33728  -78.71388    0.00474    0.00357     3.4498     3.4210    13.9060    13.9028    35.8576    35.8571    26.8701    26.8704    1523.47    150.035    148.784         23 0.0000e+00
      31985   1332.678    576.399    581.000    14.0170    14.0220   4.313619   4.314254     1.8763     1.7823   26.33728  -78.71388    0.00431    0.00427     3.4516     3.4298    13.9312    13.9362    35.8617    35.8630    26.8679    26.8679    1523.47    150.115    149.169         24 0.0000e+00
      32009   1333.681    575.408    580.000    14.0377    14.0405   4.315892   4.316387     1.8781     1.7867   26.33728  -78.71388    0.00358    0.00447     3.4505     3.4356    13.9520    13.9548    35.8640    35.8661    26.8653    26.8664    1523.47    150.067    149.422         24 0.0000e+00
      32034   1334.691    574.418    579.000    14.0565    14.0599   4.318109   4.318523     1.8801     1.7883 -9.990e-29  -78.71388    0.00267    0.00417     3.4500     3.4329    13.9709    13.9743    35.8677    35.8684    26.8642    26.8640    1523.47    150.045    149.304         24 0.0000e+00
      32057   1335.684    573.427    578.000    14.0976    14.0904   4.322861   4.321915     1.8812     1.7885 -9.990e-29  -78.71388    0.00204    0.00305     3.4474     3.4287    14.0120    14.0048    35.8742    35.8720    26.8605    26.8603    1523.47    149.933    149.119         24 0.0000e+00
      32081   1336.666    572.436    577.000    14.1317    14.1353   4.326621   4.327017     1.8805     1.7898 -9.990e-29  -78.71388    0.00126    0.00151     3.4437     3.4306    14.0461    14.0496    35.8780    35.8783    26.8562    26.8556    1523.47    149.774    149.202         23 0.0000e+00
      32105   1337.663    571.446    576.000    14.1562    14.1565   4.329430   4.329574     1.8811     1.7919   26.33730  -78.71388    0.00054    0.00101     3.4469     3.4361    14.0706    14.0709    35.8817    35.8827    26.8538    26.8546    1523.47    149.914    149.443         24 0.0000e+00
