data/raw_ctdprof/AB1705_profile_004.cnv
* Sea-Bird SBE 9 Data File:
* FileName = D:\ctd\raw\ab1705_004.hex
* Software Version Seasave V 7.26.6.26
* Temperature SN = 5237
* Conductivity SN = 3860
* Number of Bytes Per Scan = 41
* Number of Voltage Words = 4
* Number of Scans Averaged by the Deck Unit = 1
* NMEA Latitude = 26 20.03 N
* NMEA Longitude = 078 42.97 W
* NMEA UTC (Time) = May 09 2017  02:11:24
* NMEA baud rate = 4800
# nquan = 27
# nvalues = 1379                        
# units = specified
# name 0 = scan: Scan Count
# name 1 = timeS: Time, Elapsed [seconds]
# name 2 = depSM: Depth [salt water, m]
# name 3 = prDM: Pressure, Digiquartz [db]
# name 4 = t090C: Temperature [ITS-90, deg C]
# name 5 = t190C: Temperature, 2 [ITS-90, deg C]
# name 6 = c0S/m: Conductivity [S/m]
# name 7 = c1S/m: Conductivity, 2 [S/m]
# name 8 = sbeox0V: Oxygen raw, SBE 43 [V]
# name 9 = sbeox1V: Oxygen raw, SBE 43, 2 [V]
# name 10 = latitude: Latitude [deg]
# name 11 = longitude: Longitude [deg]
# name 12 = sbox0dV/dT: Oxygen, SBE 43 [dov/dt]
# name 13 = sbox1dV/dT: Oxygen, SBE 43, 2 [dov/dt]
# name 14 = sbeox0ML/L: Oxygen, SBE 43 [ml/l]
# name 15 = sbeox1ML/L: Oxygen, SBE 43, 2 [ml/l]
# name 16 = potemp090C: Potential Temperature [ITS-90, deg C]
# name 17 = potemp190C: Potential Temperature, 2 [ITS-90, deg C]
# name 18 = sal00: Salinity, Practical [PSU]
# name 19 = sal11: Salinity, Practical, 2 [PSU]
# name 20 = sigma-é00: Density [sigma-theta, kg/m^3]
# name 21 = sigma-é11: Density, 2 [sigma-theta, kg/m^3]
# name 22 = avgsvCM: Average Sound Velocity [Chen-Millero, m/s]
# name 23 = sbox0Mm/Kg: Oxygen, SBE 43 [umol/kg]
# name 24 = sbox1Mm/Kg: Oxygen, SBE 43, 2 [umol/kg]
# name 25 = nbin: Scans Per Bin
# name 26 = flag:
# span 0 =       5577,      55038       
# span 1 =    232.329,   2293.205       
# span 2 =      1.986,    685.347       
# span 3 =      2.000,    691.000       
# span 4 =    10.3910,    26.1195       
# span 5 =    10.3845,    26.1178       
# span 6 =   3.906252,   5.635120       
# span 7 =   3.905807,   5.634763       
# span 8 =     1.5739,     2.9031       
# span 9 =     1.4983,     2.7779       
# span 10 =   26.33460,   26.33987      
# span 11 =  -78.71542,  -78.71328      
# span 12 =   -0.00828,    0.01213      
# span 13 =   -0.00754,    0.01196      
# span 14 =     2.9151,     4.6912      
# span 15 =     2.8951,     4.6939      
# span 16 =    10.3067,    26.1191      
# span 17 =    10.3002,    26.1174      
# span 18 =    35.2985,    36.8804      
# span 19 =    35.3002,    36.8825      
# span 20 =    24.1554,    27.1319      
# span 21 =    24.1550,    27.1344      
# span 22 =       0.00,    1538.89      
# span 23 =    126.751,    204.362      
# span 24 =    125.881,    204.480      
# span 25 =          3,         72      
# span 26 = 0.0000e+00, 0.0000e+00      
# interval = decibars: 1                
# start_time = May 09 2017 02:11:24 [NMEA time, header]
# bad_flag = -9.990e-29
*END*
[from data line 376]
      17480    728.280    375.190    378.000    17.8222    17.8231   4.762101   4.762574     2.3155     2.2050   26.33580  -78.71438   -0.00261   -0.00108     4.1127     4.1076    17.7568    17.7577    36.4901    36.4933    26.4742    26.4765    1529.97    178.937    178.714         24 0.0000e+00
      17504    729.280    376.181    379.000    17.8068    17.8070   4.760263   4.760628     2.3110     2.1966   26.33580  -78.71438   -0.00366   -0.00220     4.1066     4.0894    17.7413    17.7415    36.4877    36.4906    26.4762    26.4784    1529.96    178.672    177.923         24 0.0000e+00
      17528    730.283    377.173    380.000    17.7983    17.7983   4.759270   4.759630     2.3090     2.1959   26.33580  -78.71438   -0.00383   -0.00336     4.1065     4.0914    17.7326    17.7326    36.4863    36.4894    26.4773    26.4796    1529.94    178.663    178.007         25 0.0000e+00
      17552    731.307    378.165    381.000    17.7775    17.7789   4.756540   4.757130     2.3077     2.1952   26.33582  -78.71438   -0.00302   -0.00337     4.1073     4.0951    17.7117    17.7131    36.4810    36.4848    26.4783    26.4810    1529.92    178.700    178.169         24 0.0000e+00
      17577    732.347    379.156    382.000    17.7319    17.7317   4.750893   4.751273     2.3073     2.1952   26.33582  -78.71438   -0.00188   -0.00175     4.1102     4.0995    17.6661    17.6659    36.4727    36.4761    26.4832    26.4859    1529.90    178.827    178.357         25 0.0000e+00
      17602    733.360    380.148    383.000    17.7126    17.7124   4.748592   4.748936     2.3046     2.1921   26.33582  -78.71438   -0.00120   -0.00073     4.1050     4.0932    17.6467    17.6464    36.4697    36.4729    26.4857    26.4882    1529.88    178.601    178.084         24 0.0000e+00
      17625    734.340    381.140    384.000    17.6874    17.6876   4.745497   4.745917     2.3027     2.1921   26.33582  -78.71436   -0.00155   -0.00115     4.1035     4.0938    17.6213    17.6215    36.4653    36.4687    26.4885    26.4911    1529.86    178.532    178.112         23 0.0000e+00
      17649    735.329    382.132    385.000    17.6745    17.6741   4.744071   4.744374     2.3010     2.1911   26.33582  -78.71438   -0.00184   -0.00129     4.1015     4.0921    17.6083    17.6079    36.4641    36.4671    26.4908    26.4932    1529.84    178.446    178.036         25 0.0000e+00
      17673    736.350    383.123    386.000    17.6699    17.6697   4.743563   4.743891     2.3006     2.1868   26.33582  -78.71436   -0.00183   -0.00140     4.1028     4.0835    17.6036    17.6034    36.4634    36.4664    26.4915    26.4938    1529.82    178.501    177.662         24 0.0000e+00
      17698    737.385    384.115    387.000    17.6582    17.6581   4.742180   4.742519     2.2982     2.1846   26.33582  -78.71436   -0.00133   -0.00223     4.0999     4.0820    17.5916    17.5916    36.4616    36.4646    26.4930    26.4953    1529.81    178.377    177.598         25 0.0000e+00
      17723    738.401    385.106    388.000    17.6544    17.6539   4.741879   4.742154     2.2985     2.1865   26.33582  -78.71436   -0.00128   -0.00211     4.1031     4.0904    17.5877    17.5872    36.4620    36.4649    26.4943    26.4966    1529.79    178.512    177.964         24 0.0000e+00
      17747    739.421    386.098    389.000    17.6514    17.6509   4.741632   4.741906     2.2981     2.1865   26.33584  -78.71436   -0.00075   -0.00081     4.1045     4.0922    17.5845    17.5841    36.4622    36.4650    26.4952    26.4975    1529.78    178.576    178.041         25 0.0000e+00
      17772    740.450    387.089    390.000    17.6409    17.6403   4.740399   4.740673     2.2987     2.1861   26.33584  -78.71436   -0.00042    0.00034     4.1064     4.0891    17.5739    17.5733    36.4605    36.4634    26.4965    26.4989    1529.76    178.659    177.903         24 0.0000e+00
      17796    741.459    388.081    391.000    17.6365    17.6363   4.739920   4.740224     2.2993     2.1869   26.33584  -78.71436    0.00038    0.00033     4.1091     4.0912    17.5694    17.5692    36.4599    36.4627    26.4972    26.4994    1529.74    178.775    177.997         24 0.0000e+00
      17820    742.454    389.072    392.000    17.6309    17.6305   4.739236   4.739522     2.2974     2.1823   26.33584 -9.990e-29   -0.00007   -0.00061     4.1040     4.0820    17.5635    17.5632    36.4587    36.4615    26.4977    26.4999    1529.72    178.552    177.596         24 0.0000e+00
      17844    743.457    390.064    393.000    17.6229    17.6227   4.738215   4.738548     2.2989     2.1834   26.33584 -9.990e-29   -0.00004   -0.00119     4.1058     4.0866    17.5554    17.5552    36.4567    36.4597    26.4981    26.5005    1529.70    178.632    177.794         25 0.0000e+00
      17869    744.482    391.056    394.000    17.5974    17.5981   4.735099   4.735586     2.2968     2.1849   26.33584 -9.990e-29   -0.00025   -0.00079     4.1019     4.0932    17.5298    17.5305    36.4522    36.4557    26.5009    26.5035    1529.68    178.462    178.082         24 0.0000e+00
      17893    745.511    392.047    395.000    17.5847    17.5849   4.733647   4.734027     2.2932     2.1834   26.33584  -78.71434   -0.00106   -0.00009     4.0941     4.0890    17.5170    17.5172    36.4506    36.4537    26.5029    26.5052    1529.67    178.121    177.898         25 0.0000e+00
      17918    746.523    393.039    396.000    17.5679    17.5680   4.731709   4.732065     2.2921     2.1815   26.33584  -78.71434   -0.00188 6.1156e-07     4.0947     4.0828    17.5001    17.5001    36.4485    36.4515    26.5054    26.5077    1529.65    178.148    177.630         24 0.0000e+00
      17942    747.526    394.031    397.000    17.5658    17.5654   4.731593   4.731870     2.2916     2.1809   26.33585  -78.71434   -0.00214   -0.00104     4.0951     4.0806    17.4978    17.4974    36.4490    36.4518    26.5063    26.5085    1529.64    178.166    177.534         24 0.0000e+00
      17966    748.541    395.022    398.000    17.5603    17.5606   4.731012   4.731386     2.2902     2.1769   26.33586  -78.71434   -0.00124   -0.00170     4.0917     4.0714    17.4922    17.4924    36.4485    36.4515    26.5073    26.5096    1529.62    178.015    177.135         25 0.0000e+00
      17990    749.550    396.014    399.000    17.5331    17.5340   4.727560   4.728085     2.2881     2.1745   26.33586  -78.71434   -0.00120   -0.00230     4.0884     4.0682    17.4648    17.4658    36.4427    36.4463    26.5095    26.5121    1529.60    177.873    176.991         24 0.0000e+00
      18014    750.544    397.005    400.000    17.5107    17.5110   4.724859   4.725288     2.2863     2.1731   26.33586  -78.71434   -0.00146   -0.00249     4.0866     4.0680    17.4423    17.4426    36.4390    36.4424    26.5122    26.5147    1529.58    177.795    176.984         24 0.0000e+00
      18038    751.539    397.997    401.000    17.4864    17.4866   4.721957   4.722330     2.2843     2.1709   26.33586  -78.71434   -0.00187   -0.00224     4.0849     4.0662    17.4179    17.4181    36.4352    36.4383    26.5153    26.5176    1529.56    177.719    176.904         23 0.0000e+00
      18062    752.555    398.988    402.000    17.4729    17.4731   4.720350   4.720740     2.2833     2.1687   26.33586  -78.71434   -0.00180   -0.00189     4.0850     4.0634    17.4042    17.4045    36.4330    36.4362    26.5169    26.5193    1529.55    177.722    176.783         25 0.0000e+00
      18088    753.620    399.980    403.000    17.4692    17.4688   4.720016   4.720296     2.2817     2.1682   26.33586  -78.71434   -0.00160   -0.00182     4.0815     4.0641    17.4004    17.4000    36.4330    36.4358    26.5179    26.5201    1529.53    177.571    176.815         26 0.0000e+00
      18113    754.687    400.971    404.000    17.4588    17.4580   4.718602   4.718911     2.2807     2.1677   26.33586 -9.990e-29   -0.00128   -0.00132     4.0783     4.0642    17.3899    17.3891    36.4297    36.4331    26.5179    26.5207    1529.51    177.431    176.817         25 0.0000e+00
      18138    755.694    401.963    405.000    17.4048    17.4053   4.712063   4.712554     2.2779     2.1664   26.33587 -9.990e-29   -0.00132   -0.00079     4.0743     4.0628    17.3358    17.3364    36.4211    36.4248    26.5244    26.5272    1529.49    177.255    176.755         24 0.0000e+00
      18161    756.653    402.954    406.000    17.3868    17.3869   4.710080   4.710455     2.2744     2.1646   26.33588 -9.990e-29   -0.00198   -0.00089     4.0680     4.0583    17.3178    17.3178    36.4196    36.4228    26.5276    26.5301    1529.48    176.980    176.559         23 0.0000e+00
      18183    757.600    403.946    407.000    17.3615    17.3623   4.706935   4.707408     2.2714     2.1610   26.33588 -9.990e-29   -0.00278   -0.00164     4.0624     4.0503    17.2923    17.2931    36.4146    36.4181    26.5300    26.5325    1529.46    176.737    176.209         22 0.0000e+00
      18206    758.546    404.938    408.000    17.3542    17.3536   4.706189   4.706459     2.2711     2.1588   26.33588  -78.71432   -0.00293   -0.00244     4.0616     4.0447    17.2849    17.2842    36.4143    36.4172    26.5316    26.5340    1529.44    176.702    175.966         23 0.0000e+00
      18230    759.555    405.929    409.000    17.3486    17.3486   4.705526   4.705892     2.2658     2.1555   26.33588  -78.71432   -0.00261   -0.00283     4.0509     4.0389    17.2791    17.2792    36.4132    36.4163    26.5321    26.5345    1529.42    176.235    175.716         26 0.0000e+00
      18256    760.642    406.921    410.000    17.3342    17.3340   4.703803   4.704152     2.2610     2.1510   26.33588  -78.71432   -0.00322   -0.00320     4.0443     4.0337    17.2646    17.2644    36.4107    36.4140    26.5337    26.5363    1529.41    175.949    175.490         26 0.0000e+00
      18282    761.721    407.912    411.000    17.3156    17.3162   4.701474   4.701931     2.2607     2.1510   26.33588  -78.71432   -0.00360   -0.00301     4.0504     4.0397    17.2458    17.2465    36.4069    36.4103    26.5353    26.5378    1529.39    176.214    175.751         25 0.0000e+00
      18306    762.729    408.904    412.000    17.2932    17.2931   4.698908   4.699224     2.2619     2.1533   26.33588  -78.71432   -0.00223   -0.00168     4.0555     4.0475    17.2234    17.2233    36.4042    36.4071    26.5388    26.5409    1529.37    176.435    176.086         24 0.0000e+00
      18330    763.701    409.895    413.000    17.2538    17.2540   4.693941   4.694436     2.2603     2.1529   26.33588  -78.71432   -0.00053    0.00007     4.0512     4.0455    17.1839    17.1841    36.3960    36.4001    26.5420    26.5451    1529.35    176.249    176.002         23 0.0000e+00
      18353    764.685    410.887    414.000    17.2083    17.2107   4.688486   4.689194     2.2575     2.1487   26.33589  -78.71431   -0.00036    0.00023     4.0453     4.0351    17.1384    17.1408    36.3890    36.3931    26.5476    26.5501    1529.33    175.991    175.545         24 0.0000e+00
      18378    765.696    411.878    415.000    17.1935    17.1939   4.686759   4.687152     2.2528     2.1445   26.33590  -78.71430   -0.00210   -0.00173     4.0365     4.0260    17.1234    17.1238    36.3869    36.3900    26.5496    26.5519    1529.31    175.609    175.152         24 0.0000e+00
      18402    766.714    412.870    416.000    17.1858    17.1856   4.685915   4.686225     2.2507     2.1425   26.33590  -78.71430   -0.00315   -0.00322     4.0352     4.0245    17.1156    17.1154    36.3861    36.3889    26.5509    26.5531    1529.30    175.553    175.088         25 0.0000e+00
      18426    767.720    413.861    417.000    17.1824    17.1821   4.685560   4.685848     2.2500     2.1409   26.33590  -78.71430   -0.00296   -0.00308     4.0377     4.0215    17.1120    17.1117    36.3857    36.3885    26.5514    26.5536    1529.28    175.662    174.954         24 0.0000e+00
      18450    768.699    414.852    418.000    17.1777    17.1775   4.685017   4.685334     2.2489     2.1394   26.33590  -78.71430   -0.00188   -0.00211     4.0374     4.0159    17.1071    17.1070    36.3848    36.3877    26.5519    26.5542    1529.27    175.647    174.711         23 0.0000e+00
      18474    769.695    415.844    419.000    17.1617    17.1611   4.683099   4.683402     2.2483     2.1358   26.33590  -78.71430   -0.00113   -0.00195     4.0377     4.0083    17.0910    17.0905    36.3821    36.3852    26.5537    26.5563    1529.25    175.660    174.382         24 0.0000e+00
      18498    770.728    416.835    420.000    17.1438    17.1439   4.680984   4.681345     2.2483     2.1300   26.33590  -78.71430   -0.00064   -0.00287     4.0390     3.9999    17.0731    17.0731    36.3793    36.3824    26.5559    26.5583    1529.23    175.717    174.015         25 0.0000e+00
      18523    771.736    417.827    421.000    17.1344    17.1341   4.679938   4.680242     2.2467     2.1296   26.33590  -78.71430   -0.00057   -0.00361     4.0359     4.0066    17.0635    17.0632    36.3782    36.3811    26.5574    26.5597    1529.21    175.579    174.305         24 0.0000e+00
      18546    772.725    418.818    422.000    17.1297    17.1292   4.679388   4.679668     2.2453     2.1325   26.33590  -78.71430   -0.00088   -0.00231     4.0327     4.0186    17.0586    17.0582    36.3773    36.3802    26.5578    26.5601    1529.19    175.441    174.829         24 0.0000e+00
      18571    773.738    419.810    423.000    17.1149    17.1145   4.677580   4.677892     2.2447     2.1343   26.33591  -78.71430   -0.00108    0.00013     4.0331     4.0224    17.0437    17.0433    36.3745    36.3775    26.5592    26.5617    1529.17    175.456    174.992         25 0.0000e+00
      18595    774.770    420.801    424.000    17.0999    17.0999   4.675844   4.676183     2.2430     2.1341   26.33592  -78.71430   -0.00125    0.00161     4.0298     4.0192    17.0285    17.0285    36.3725    36.3754    26.5614    26.5636    1529.15    175.315    174.853         24 0.0000e+00
      18619    775.766    421.793    425.000    17.0938    17.0931   4.675161   4.675418     2.2420     2.1310   26.33592  -78.71430   -0.00106    0.00068     4.0270     4.0120    17.0223    17.0216    36.3715    36.3744    26.5621    26.5645    1529.14    175.191    174.538         24 0.0000e+00
      18643    776.739    422.784    426.000    17.0906    17.0904   4.674820   4.675113     2.2396     2.1294   26.33592  -78.71430   -0.00140   -0.00109     4.0214     4.0080    17.0190    17.0187    36.3711    36.3738    26.5626    26.5648    1529.13    174.948    174.366         23 0.0000e+00
      18667    777.732    423.776    427.000    17.0883    17.0881   4.674578   4.674893     2.2372     2.1315   26.33592  -78.71430   -0.00174   -0.00140     4.0170     4.0122    17.0165    17.0163    36.3706    36.3736    26.5629    26.5652    1529.11    174.755    174.546         24 0.0000e+00
      18691    778.761    424.767    428.000    17.0798    17.0806   4.673525   4.673984     2.2352     2.1282   26.33592  -78.71430   -0.00218   -0.00077     4.0137     4.0023    17.0078    17.0086    36.3687    36.3720    26.5634    26.5658    1529.09    174.615    174.118         25 0.0000e+00
      18716    779.790    425.758    429.000    17.0449    17.0457   4.669096   4.669629     2.2350     2.1233   26.33592 -9.990e-29   -0.00194   -0.00142     4.0150     3.9902    16.9729    16.9737    36.3610    36.3650    26.5659    26.5688    1529.07    174.671    173.592         25 0.0000e+00
      18740    780.810    426.750    430.000    16.9849    16.9853   4.661744   4.662257     2.2320     2.1209   26.33592 -9.990e-29   -0.00152   -0.00283     4.0067     3.9877    16.9129    16.9133    36.3504    36.3545    26.5721    26.5752    1529.05    174.308    173.480         24 0.0000e+00
