data/raw_ctdprof/TEST_CAST_profile_004.cnv
* Sea-Bird SBE 9 Data File:
* FileName = C:\CTD data\WS1501\WS1501_FS04.hex
* Software Version Seasave V 7.21
* Temperature SN = 1701
* Conductivity SN = 1346
* Number of Bytes Per Scan = 37
* Number of Voltage Words = 4
* Number of Scans Averaged by the Deck Unit = 1
* NMEA Latitude = 26 59.67 N
* NMEA Longitude = 079 36.96 W
* NMEA UTC (Time) = Jan 13 2015  06:07:54
** Ship: R/V FG Walton Smith
** Florida Straits Cable Calibration
** WS1501 - January 2015
# nquan = 23
# nvalues = 637                         
# units = specified
# name 0 = timeS: Time, Elapsed [seconds]
# name 1 = prDM: Pressure, Digiquartz [db]
# name 2 = t090C: Temperature [ITS-90, deg C]
# name 3 = t190C: Temperature, 2 [ITS-90, deg C]
# name 4 = c0S/m: Conductivity [S/m]
# name 5 = c1S/m: Conductivity, 2 [S/m]
# name 6 = sbeox0V: Oxygen raw, SBE 43 [V]
# name 7 = sbeox1V: Oxygen raw, SBE 43, 2 [V]
# name 8 = altM: Altimeter [m]
# name 9 = depSM: Depth [salt water, m]
# name 10 = sigma-é00: Density [sigma-theta, kg/m^3]
# name 11 = sigma-é11: Density, 2 [sigma-theta, kg/m^3]
# name 12 = potemp090C: Potential Temperature [ITS-90, deg C]
# name 13 = potemp190C: Potential Temperature, 2 [ITS-90, deg C]
# name 14 = svCM: Sound Velocity [Chen-Millero, m/s]
# name 15 = svCM1: Sound Velocity, 2 [Chen-Millero, m/s]
# name 16 = sbeox0ML/L: Oxygen, SBE 43 [ml/l]
# name 17 = sbeox0Mm/Kg: Oxygen, SBE 43 [umol/kg]
# name 18 = sbeox1ML/L: Oxygen, SBE 43, 2 [ml/l]
# name 19 = sbeox1Mm/Kg: Oxygen, SBE 43, 2 [umol/kg]
# name 20 = sal00: Salinity, Practical [PSU]
# name 21 = sal11: Salinity, Practical, 2 [PSU]
# name 22 = flag:
# span 0 =     62.749,    876.310       
# span 1 =      4.000,    640.000       
# span 2 =     6.3059,    26.0892       
# span 3 =     6.3044,    26.0888       
# span 4 =   3.485134,   5.622401       
# span 5 =   3.485121,   5.622367       
# span 6 =     1.4058,     2.7594       
# span 7 =     1.6324,     3.3055       
# span 8 =      18.42,      98.82       
# span 9 =      3.974,    634.811       
# span 10 =    23.9675,    27.4477      
# span 11 =    23.9721,    27.4490      
# span 12 =     6.2475,    26.0829      
# span 13 =     6.2460,    26.0800      
# span 14 =    1486.36,    1540.12      
# span 15 =    1486.36,    1540.12      
# span 16 =     2.5772,     4.4199      
# span 17 =    112.072,    192.771      
# span 18 =     2.6339,     4.5461      
# span 19 =    114.539,    198.275      
# span 20 =    34.9076,    36.8439      
# span 21 =    34.9090,    36.8464      
# span 22 = 0.0000e+00, 0.0000e+00      
# interval = decibars: 1                
# start_time = Jan 13 2015 06:07:54 [NMEA time, header]
# bad_flag = -9.990e-29
*END*
     62.749      4.000    26.0838    26.0809   5.595307   5.595663     2.7566     3.2708      94.20      3.974    23.9675    23.9721    26.0829    26.0800    1538.41    1538.40     4.4095    192.320     4.4821    195.486    36.2722    36.2771 0.0000e+00
    105.191      5.000    26.0571    26.0563   5.592696   5.593347     2.7572     3.2936      98.27      4.967    23.9773    23.9816    26.0559    26.0552    1538.36    1538.37     4.4135    192.493     4.5198    197.129    36.2739    36.2793 0.0000e+00
    107.411      6.000    26.0505    26.0500   5.592072   5.592752     2.7580     3.2926      98.59      5.960    23.9797    23.9839    26.0491    26.0487    1538.36    1538.37     4.4172    192.652     4.5202    197.142    36.2743    36.2796 0.0000e+00
    110.126      7.000    26.0694    26.0652   5.594088   5.594241     2.7589     3.2925      98.44      6.954    23.9734    23.9781    26.0678    26.0636    1538.42    1538.42     4.4167    192.630     4.5190    197.094    36.2737    36.2781 0.0000e+00
    111.897      8.000    26.0692    26.0681   5.594132   5.594694     2.7586     3.2927      97.97      7.947    23.9736    23.9778    26.0674    26.0663    1538.44    1538.44     4.4164    192.620     4.5202    197.146    36.2738    36.2789 0.0000e+00
    113.836      9.000    26.0680    26.0667   5.594038   5.594603     2.7589     3.2913      96.61      8.941    23.9740    23.9783    26.0660    26.0647    1538.46    1538.46     4.4184    192.707     4.5158    196.955    36.2738    36.2789 0.0000e+00
    116.551     10.000    26.0664    26.0637   5.593949   5.594337     2.7594     3.2851      90.53      9.934    23.9748    23.9794    26.0642    26.0615    1538.47    1538.47     4.4199    192.771     4.5052    196.491    36.2741    36.2791 0.0000e+00
    118.151     11.000    26.0720    26.0702   5.594550   5.595043     2.7594     3.2810      87.86     10.927    23.9729    23.9772    26.0695    26.0678    1538.50    1538.50     4.4192    192.743     4.5007    196.295    36.2738    36.2787 0.0000e+00
    120.417     12.000    26.0747    26.0721   5.594873   5.595281     2.7589     3.2839      94.44     11.921    23.9720    23.9766    26.0720    26.0694    1538.52    1538.52     4.4184    192.708     4.5118    196.777    36.2736    36.2786 0.0000e+00
    122.323     13.000    26.0797    26.0773   5.595430   5.595866     2.7581     3.2897      97.20     12.914    23.9703    23.9749    26.0768    26.0744    1538.55    1538.55     4.4167    192.632     4.5201    197.140    36.2734    36.2785 0.0000e+00
    124.691     14.000    26.0791    26.0782   5.595417   5.596028     2.7579     3.2922      98.14     13.907    23.9707    23.9748    26.0759    26.0751    1538.56    1538.57     4.4171    192.651     4.5218    197.217    36.2735    36.2786 0.0000e+00
    126.980     15.000    26.0774    26.0760   5.595294   5.595842     2.7572     3.2915      98.36     14.901    23.9714    23.9756    26.0740    26.0727    1538.58    1538.58     4.4160    192.600     4.5208    197.174    36.2736    36.2787 0.0000e+00
    128.882     16.000    26.0762    26.0749   5.595205   5.595762     2.7566     3.2923      97.98     15.894    23.9718    23.9761    26.0726    26.0713    1538.59    1538.59     4.4158    192.591     4.5247    197.343    36.2736    36.2787 0.0000e+00
    130.910     17.000    26.0773    26.0760   5.595368   5.595926     2.7554     3.2963      96.95     16.888    23.9715    23.9758    26.0735    26.0721    1538.61    1538.61     4.4124    192.446     4.5330    197.705    36.2736    36.2787 0.0000e+00
    133.755     18.000    26.0793    26.0781   5.595629   5.596188     2.7539     3.3023      97.76     17.881    23.9710    23.9751    26.0753    26.0741    1538.63    1538.64     4.4117    192.415     4.5434    198.159    36.2736    36.2786 0.0000e+00
    135.927     19.000    26.0807    26.0794   5.595819   5.596371     2.7539     3.3055      97.44     18.874    23.9706    23.9748    26.0764    26.0752    1538.65    1538.66     4.4124    192.446     4.5461    198.275    36.2736    36.2786 0.0000e+00
    137.749     20.000    26.0826    26.0810   5.596051   5.596584     2.7538     3.3035      96.14     19.868    23.9700    23.9744    26.0781    26.0765    1538.67    1538.68     4.4127    192.457     4.5387    197.953    36.2735    36.2786 0.0000e+00
    139.381     21.000    26.0828    26.0817   5.596128   5.596699     2.7540     3.2968      91.55     20.861    23.9700    23.9742    26.0781    26.0770    1538.69    1538.69     4.4138    192.504     4.5276    197.470    36.2735    36.2786 0.0000e+00
    142.894     22.000    26.0829    26.0817   5.596197   5.596755     2.7541     3.2849      76.45     21.854    23.9701    23.9743    26.0780    26.0767    1538.71    1538.71     4.4141    192.519     4.5109    196.740    36.2736    36.2787 0.0000e+00
    144.554     23.000    26.0835    26.0823   5.596292   5.596855     2.7542     3.2801      68.98     22.847    23.9700    23.9741    26.0783    26.0772    1538.73    1538.73     4.4149    192.556     4.5021    196.358    36.2735    36.2785 0.0000e+00
    146.594     24.000    26.0840    26.0827   5.596395   5.596949     2.7546     3.2761      70.33     23.841    23.9699    23.9741    26.0786    26.0773    1538.74    1538.75     4.4166    192.629     4.4998    196.257    36.2736    36.2786 0.0000e+00
    149.246     25.000    26.0840    26.0828   5.596432   5.597008     2.7549     3.2786      83.90     24.834    23.9699    23.9742    26.0784    26.0772    1538.76    1538.76     4.4171    192.650     4.5100    196.699    36.2735    36.2786 0.0000e+00
    150.094     26.000    26.0842    26.0830   5.596498   5.597062     2.7548     3.2829      82.65     25.827    23.9700    23.9741    26.0783    26.0772    1538.78    1538.78     4.4173    192.656     4.5179    197.047    36.2735    36.2786 0.0000e+00
    152.418     27.000    26.0844    26.0834   5.596598   5.597148     2.7544     3.2881      74.63     26.821    23.9701    23.9741    26.0783    26.0773    1538.80    1538.80     4.4163    192.616     4.5240    197.312    36.2738    36.2786 0.0000e+00
    153.929     28.000    26.0848    26.0835   5.596648   5.597200     2.7538     3.2899      67.93     27.814    23.9699    23.9741    26.0785    26.0772    1538.81    1538.82     4.4151    192.564     4.5263    197.412    36.2735    36.2785 0.0000e+00
    156.672     29.000    26.0852    26.0840   5.596725   5.597298     2.7526     3.2905      67.55     28.807    23.9697    23.9740    26.0787    26.0775    1538.83    1538.83     4.4131    192.474     4.5249    197.349    36.2734    36.2786 0.0000e+00
    158.229     30.000    26.0854    26.0842   5.596806   5.597359     2.7514     3.2885      74.13     29.801    23.9698    23.9740    26.0787    26.0774    1538.85    1538.85     4.4108    192.377     4.5227    197.253    36.2735    36.2786 0.0000e+00
    160.994     31.000    26.0856    26.0844   5.596886   5.597436     2.7500     3.2937      76.46     30.794    23.9700    23.9741    26.0786    26.0775    1538.87    1538.87     4.4102    192.348     4.5366    197.859    36.2736    36.2786 0.0000e+00
    162.160     32.000    26.0858    26.0846   5.596942   5.597506     2.7498     3.2945      70.86     31.787    23.9699    23.9741    26.0786    26.0774    1538.88    1538.89     4.4103    192.352     4.5346    197.774    36.2736    36.2786 0.0000e+00
    164.243     33.000    26.0859    26.0847   5.597012   5.597565     2.7493     3.2935      64.61     32.780    23.9700    23.9742    26.0785    26.0773    1538.90    1538.90     4.4105    192.364     4.5338    197.737    36.2737    36.2787 0.0000e+00
    166.170     34.000    26.0861    26.0849   5.597074   5.597631     2.7503     3.2926      69.85     33.774    23.9700    23.9742    26.0785    26.0773    1538.92    1538.92     4.4137    192.502     4.5316    197.642    36.2736    36.2787 0.0000e+00
    168.536     35.000    26.0866    26.0855   5.597168   5.597734     2.7508     3.2897      84.33     34.767    23.9699    23.9741    26.0787    26.0776    1538.94    1538.94     4.4136    192.498     4.5289    197.524    36.2736    36.2787 0.0000e+00
    169.688     36.000    26.0870    26.0859   5.597261   5.597817     2.7503     3.2912      86.00     35.760    23.9699    23.9740    26.0790    26.0778    1538.95    1538.96     4.4127    192.458     4.5323    197.673    36.2736    36.2786 0.0000e+00
    171.891     37.000    26.0872    26.0861   5.597335   5.597893     2.7490     3.2896      81.64     36.753    23.9699    23.9740    26.0789    26.0778    1538.97    1538.97     4.4099    192.336     4.5266    197.425    36.2737    36.2787 0.0000e+00
    174.266     38.000    26.0872    26.0861   5.597382   5.597939     2.7478     3.2842      75.47     37.747    23.9701    23.9741    26.0786    26.0775    1538.99    1538.99     4.4090    192.297     4.5184    197.069    36.2738    36.2787 0.0000e+00
    176.170     39.000    26.0873    26.0863   5.597439   5.598019     2.7478     3.2807      79.45     38.740    23.9701    23.9742    26.0785    26.0775    1539.00    1539.01     4.4103    192.355     4.5151    196.921    36.2738    36.2788 0.0000e+00
    176.911     40.000    26.0877    26.0866   5.597537   5.598069     2.7478     3.2807      85.39     39.733    23.9701    23.9741    26.0787    26.0776    1539.02    1539.02     4.4110    192.384     4.5167    196.994    36.2739    36.2786 0.0000e+00
    180.236     41.000    26.0879    26.0868   5.597601   5.598149     2.7475     3.2819      94.52     40.726    23.9701    23.9741    26.0787    26.0776    1539.04    1539.04     4.4102    192.351     4.5175    197.026    36.2739    36.2787 0.0000e+00
    181.456     42.000    26.0881    26.0871   5.597652   5.598219     2.7470     3.2812      96.13     41.720    23.9701    23.9741    26.0786    26.0776    1539.06    1539.06     4.4089    192.292     4.5189    197.088    36.2738    36.2787 0.0000e+00
    183.620     43.000    26.0884    26.0873   5.597738   5.598300     2.7459     3.2829      97.89     42.713    23.9700    23.9741    26.0787    26.0777    1539.07    1539.08     4.4080    192.254     4.5219    197.222    36.2738    36.2788 0.0000e+00
    185.419     44.000    26.0891    26.0881   5.597840   5.598417     2.7456     3.2822      98.33     43.706    23.9698    23.9739    26.0792    26.0782    1539.09    1539.10     4.4083    192.265     4.5204    197.156    36.2737    36.2787 0.0000e+00
    187.315     45.000    26.0881    26.0871   5.597760   5.598342     2.7455     3.2815      98.36     44.699    23.9701    23.9742    26.0780    26.0770    1539.11    1539.11     4.4087    192.285     4.5200    197.139    36.2736    36.2786 0.0000e+00
    189.386     46.000    26.0892    26.0882   5.597923   5.598497     2.7457     3.2809      97.96     45.692    23.9698    23.9739    26.0789    26.0779    1539.13    1539.13     4.4111    192.386     4.5193    197.109    36.2736    36.2785 0.0000e+00
    190.364     47.000    26.0889    26.0879   5.597937   5.598521     2.7465     3.2803      97.42     46.686    23.9700    23.9741    26.0784    26.0774    1539.14    1539.15     4.4132    192.479     4.5188    197.085    36.2736    36.2786 0.0000e+00
    192.749     48.000    26.0880    26.0873   5.597885   5.598491     2.7467     3.2769      96.97     47.679    23.9704    23.9744    26.0772    26.0765    1539.16    1539.16     4.4122    192.437     4.5121    196.794    36.2736    36.2786 0.0000e+00
    194.586     49.000    26.0876    26.0868   5.597898   5.598489     2.7458     3.2741      97.54     48.672    23.9706    23.9746    26.0766    26.0758    1539.17    1539.18     4.4105    192.360     4.5104    196.719    36.2737    36.2786 0.0000e+00
    196.820     50.000    26.0874    26.0855   5.597926   5.598413     2.7446     3.2749      97.23     49.665    23.9708    23.9752    26.0762    26.0743    1539.19    1539.19     4.4087    192.283     4.5126    196.813    36.2737    36.2788 0.0000e+00
    198.262     51.000    26.0846    26.0836   5.597656   5.598240     2.7440     3.2741      95.92     50.658    23.9717    23.9758    26.0731    26.0721    1539.20    1539.20     4.4079    192.248     4.5113    196.756    36.2737    36.2787 0.0000e+00
    199.959     52.000    26.0871    26.0859   5.597973   5.598518     2.7424     3.2742      91.88     51.652    23.9710    23.9751    26.0754    26.0742    1539.22    1539.22     4.4043    192.093     4.5127    196.820    36.2737    36.2786 0.0000e+00
    202.259     53.000    26.0891    26.0880   5.598222   5.598806     2.7407     3.2745      82.12     52.645    23.9704    23.9746    26.0772    26.0761    1539.24    1539.25     4.4032    192.042     4.5120    196.790    36.2736    36.2787 0.0000e+00
    204.078     54.000    26.0880    26.0864   5.598183   5.598691     2.7409     3.2729      73.37     53.638    23.9710    23.9753    26.0759    26.0743    1539.26    1539.26     4.4050    192.121     4.5111    196.751    36.2738    36.2789 0.0000e+00
    206.851     55.000    26.0888    26.0888   5.598296   5.598979     2.7417     3.2749      65.47     54.631    23.9707    23.9745    26.0765    26.0765    1539.28    1539.28     4.4069    192.206     4.5161    196.967    36.2737    36.2787 0.0000e+00
    207.627     56.000    26.0855    26.0853   5.598067   5.598717     2.7414     3.2750      68.79     55.624    23.9723    23.9760    26.0729    26.0728    1539.29    1539.29     4.4059    192.160     4.5151    196.923    36.2744    36.2792 0.0000e+00
    209.840     57.000    26.0803    26.0799   5.597676   5.598316     2.7395     3.2700      78.92     56.617    23.9747    23.9786    26.0675    26.0671    1539.29    1539.30     4.4016    191.975     4.5055    196.504    36.2753    36.2803 0.0000e+00
    212.296     58.000    26.0806    26.0797   5.597767   5.598340     2.7369     3.2637      77.70     57.611    23.9747    23.9788    26.0676    26.0667    1539.31    1539.31     4.3978    191.809     4.4976    196.158    36.2754    36.2803 0.0000e+00
    213.789     59.000    26.0804    26.0796   5.597765   5.598361     2.7365     3.2636      72.36     58.604    23.9747    23.9788    26.0672    26.0663    1539.33    1539.33     4.3984    191.832     4.4990    196.220    36.2752    36.2802 0.0000e+00
    216.682     60.000    26.0806    26.0798   5.597827   5.598436     2.7365     3.2647      67.06     59.597    23.9747    23.9789    26.0671    26.0663    1539.34    1539.35     4.3996    191.887     4.5016    196.335    36.2752    36.2803 0.0000e+00
    217.744     61.000    26.0811    26.0799   5.597900   5.598471     2.7365     3.2645      75.05     60.590    23.9745    23.9788    26.0674    26.0662    1539.36    1539.36     4.3996    191.886     4.5014    196.327    36.2750    36.2802 0.0000e+00
    219.843     62.000    26.0816    26.0808   5.598032   5.598609     2.7365     3.2645      89.42     61.583    23.9746    23.9785    26.0677    26.0669    1539.38    1539.38     4.4008    191.937     4.5031    196.398    36.2753    36.2801 0.0000e+00
    222.916     63.000    26.0819    26.0811   5.598148   5.598696     2.7372     3.2662      94.36     62.576    23.9748    23.9785    26.0678    26.0670    1539.40    1539.40     4.4021    191.995     4.5047    196.471    36.2756    36.2802 0.0000e+00
    224.036     64.000    26.0822    26.0812   5.598210   5.598746     2.7368     3.2652      95.71     63.569    23.9747    23.9786    26.0678    26.0669    1539.41    1539.42     4.4008    191.937     4.5039    196.433    36.2755    36.2801 0.0000e+00
    225.441     65.000    26.0827    26.0818   5.598322   5.598860     2.7356     3.2652      96.90     64.562    23.9747    23.9785    26.0681    26.0672    1539.43    1539.44     4.3980    191.815     4.5056    196.509    36.2756    36.2802 0.0000e+00
