data/raw_ctdprof/TEST_CAST_profile_004.cnv
* Sea-Bird SBE 9 Data File:
* FileName = C:\CTD data\WS1501\WS1501_FS04.hex
* Software Version Seasave V 7.21
* Temperature SN = 1701
* Conductivity SN = 1346
* Number of Bytes Per Scan = 37
* Number of Voltage Words = 4
* Number of Scans Averaged by the Deck Unit = 1
* NMEA Latitude = 26 59.67 N
* NMEA Longitude = 079 36.96 W
* NMEA UTC (Time) = Jan 13 2015  06:07:54
** Ship: R/V FG Walton Smith
** Florida Straits Cable Calibration
** WS1501 - January 2015
# nquan = 23
# nvalues = 637                         
# units = specified
# name 0 = timeS: Time, Elapsed [seconds]
# name 1 = prDM: Pressure, Digiquartz [db]
# name 2 = t090C: Temperature [ITS-90, deg C]
# name 3 = t190C: Temperature, 2 [ITS-90, deg C]
# name 4 = c0S/m: Conductivity [S/m]
# name 5 = c1S/m: Conductivity, 2 [S/m]
# name 6 = sbeox0V: Oxygen raw, SBE 43 [V]
# name 7 = sbeox1V: Oxygen raw, SBE 43, 2 [V]
# name 8 = altM: Altimeter [m]
# name 9 = depSM: Depth [salt water, m]
# name 10 = sigma-é00: Density [sigma-theta, kg/m^3]
# name 11 = sigma-é11: Density, 2 [sigma-theta, kg/m^3]
# name 12 = potemp090C: Potential Temperature [ITS-90, deg C]
# name 13 = potemp190C: Potential Temperature, 2 [ITS-90, deg C]
# name 14 = svCM: Sound Velocity [Chen-Millero, m/s]
# name 15 = svCM1: Sound Velocity, 2 [Chen-Millero, m/s]
# name 16 = sbeox0ML/L: Oxygen, SBE 43 [ml/l]
# name 17 = sbeox0Mm/Kg: Oxygen, SBE 43 [umol/kg]
# name 18 = sbeox1ML/L: Oxygen, SBE 43, 2 [ml/l]
# name 19 = sbeox1Mm/Kg: Oxygen, SBE 43, 2 [umol/kg]
# name 20 = sal00: Salinity, Practical [PSU]
# name 21 = sal11: Salinity, Practical, 2 [PSU]
# name 22 = flag:
# span 0 =     62.749,    876.310       
# span 1 =      4.000,    640.000       
# span 2 =     6.3059,    26.0892       
# span 3 =     6.3044,    26.0888       
# span 4 =   3.485134,   5.622401       
# span 5 =   3.485121,   5.622367       
# span 6 =     1.4058,     2.7594       
# span 7 =     1.6324,     3.3055       
# span 8 =      18.42,      98.82       
# span 9 =      3.974,    634.811       
# span 10 =    23.9675,    27.4477      
# span 11 =    23.9721,    27.4490      
# span 12 =     6.2475,    26.0829      
# span 13 =     6.2460,    26.0800      
# span 14 =    1486.36,    1540.12      
# span 15 =    1486.36,    1540.12      
# span 16 =     2.5772,     4.4199      
# span 17 =    112.072,    192.771      
# span 18 =     2.6339,     4.5461      
# span 19 =    114.539,    198.275      
# span 20 =    34.9076,    36.8439      
# span 21 =    34.9090,    36.8464      
# span 22 = 0.0000e+00, 0.0000e+00      
# interval = decibars: 1                
# start_time = Jan 13 2015 06:07:54 [NMEA time, header]
# bad_flag = -9.990e-29
*END*
[from data line 567]
    789.273    571.000     7.8293     7.8307   3.626629   3.626807     1.4129     1.6418      75.51    566.464    27.2717    27.2719     7.7709     7.7723    1491.17    1491.18     2.7337    118.846     2.8004    121.748    34.9537    34.9542 0.0000e+00
    790.280    572.000     7.8182     7.8196   3.625541   3.625741     1.4131     1.6420      79.21    567.455    27.2725    27.2729     7.7597     7.7611    1491.15    1491.15     2.7354    118.919     2.8018    121.806    34.9527    34.9534 0.0000e+00
    791.887    573.000     7.7842     7.7864   3.622156   3.622485     1.4133     1.6423      77.90    568.445    27.2752    27.2759     7.7257     7.7280    1491.03    1491.04     2.7384    119.048     2.8047    121.931    34.9498    34.9510 0.0000e+00
    793.001    574.000     7.7699     7.7711   3.620761   3.620954     1.4135     1.6425      74.30    569.436    27.2764    27.2769     7.7114     7.7126    1490.99    1491.00     2.7412    119.169     2.8074    122.048    34.9485    34.9494 0.0000e+00
    793.687    575.000     7.7424     7.7439   3.618051   3.618341     1.4137     1.6428      72.75    570.427    27.2787    27.2797     7.6839     7.6854    1490.90    1490.91     2.7449    119.332     2.8110    122.205    34.9463    34.9479 0.0000e+00
    795.064    576.000     7.6930     7.6938   3.613217   3.613355     1.4143     1.6436      72.57    571.418    27.2833    27.2837     7.6347     7.6355    1490.72    1490.73     2.7514    119.614     2.8188    122.545    34.9430    34.9437 0.0000e+00
    796.211    577.000     7.6744     7.6755   3.611383   3.611618     1.4149     1.6447      79.86    572.408    27.2847    27.2857     7.6160     7.6171    1490.67    1490.67     2.7559    119.808     2.8240    122.771    34.9414    34.9428 0.0000e+00
    796.857    578.000     7.6568     7.6578   3.609698   3.609900     1.4153     1.6453      85.12    573.399    27.2865    27.2872     7.5984     7.5994    1490.61    1490.62     2.7589    119.941     2.8278    122.934    34.9404    34.9415 0.0000e+00
    797.613    579.000     7.6216     7.6225   3.606238   3.606447     1.4158     1.6462      89.30    574.390    27.2895    27.2905     7.5633     7.5641    1490.49    1490.50     2.7629    120.112     2.8331    123.165    34.9377    34.9391 0.0000e+00
    798.971    580.000     7.5814     7.5823   3.602283   3.602458     1.4166     1.6477      93.60    575.380    27.2930    27.2937     7.5231     7.5240    1490.35    1490.36     2.7685    120.356     2.8393    123.435    34.9347    34.9357 0.0000e+00
    801.000    581.000     7.5663     7.5689   3.600852   3.601194     1.4179     1.6495      96.58    576.371    27.2945    27.2951     7.5080     7.5105    1490.31    1490.32     2.7746    120.620     2.8431    123.598    34.9338    34.9350 0.0000e+00
    801.588    582.000     7.5593     7.5599   3.600222   3.600346     1.4183     1.6498      96.71    577.361    27.2953    27.2958     7.5009     7.5015    1490.30    1490.30     2.7761    120.687     2.8446    123.665    34.9336    34.9343 0.0000e+00
    802.162    583.000     7.5538     7.5567   3.599736   3.600071     1.4186     1.6501      96.74    578.352    27.2959    27.2961     7.4954     7.4982    1490.30    1490.31     2.7775    120.749     2.8461    123.728    34.9333    34.9340 0.0000e+00
    802.875    584.000     7.5419     7.5442   3.598608   3.598909     1.4190     1.6506      96.53    579.343    27.2971    27.2975     7.4834     7.4856    1490.27    1490.28     2.7794    120.829     2.8485    123.832    34.9326    34.9336 0.0000e+00
    804.032    585.000     7.5305     7.5315   3.597543   3.597720     1.4195     1.6513      95.57    580.333    27.2983    27.2988     7.4719     7.4729    1490.24    1490.24     2.7813    120.914     2.8514    123.962    34.9320    34.9328 0.0000e+00
    805.181    586.000     7.5208     7.5223   3.596656   3.596868     1.4200     1.6520      93.43    581.324    27.2994    27.2998     7.4622     7.4636    1490.22    1490.22     2.7839    121.026     2.8544    124.091    34.9316    34.9324 0.0000e+00
    806.645    587.000     7.5131     7.5152   3.595963   3.596239     1.4207     1.6529      88.26    582.315    27.3003    27.3007     7.4543     7.4564    1490.20    1490.21     2.7868    121.153     2.8576    124.227    34.9314    34.9323 0.0000e+00
    807.661    588.000     7.5008     7.5031   3.594818   3.595141     1.4211     1.6536      82.80    583.305    27.3017    27.3023     7.4420     7.4443    1490.17    1490.18     2.7889    121.241     2.8603    124.346    34.9308    34.9320 0.0000e+00
    808.600    589.000     7.4867     7.4912   3.593498   3.594019     1.4214     1.6541      77.84    584.296    27.3032    27.3034     7.4279     7.4324    1490.13    1490.15     2.7911    121.336     2.8626    124.447    34.9301    34.9312 0.0000e+00
    809.346    590.000     7.4713     7.4687   3.592018   3.591911     1.4217     1.6545      74.82    585.286    27.3046    27.3060     7.4124     7.4099    1490.09    1490.08     2.7933    121.435     2.8650    124.550    34.9291    34.9305 0.0000e+00
    809.987    591.000     7.4430     7.4451   3.589298   3.589625     1.4219     1.6548      73.53    586.277    27.3073    27.3082     7.3842     7.3862    1490.00    1490.01     2.7963    121.563     2.8671    124.640    34.9274    34.9289 0.0000e+00
    810.909    592.000     7.4320     7.4342   3.588253   3.588544     1.4223     1.6550      75.92    587.268    27.3083    27.3088     7.3731     7.3753    1489.97    1489.98     2.7981    121.642     2.8683    124.695    34.9266    34.9276 0.0000e+00
    812.388    593.000     7.4235     7.4246   3.587455   3.587637     1.4227     1.6554      86.42    588.258    27.3091    27.3096     7.3645     7.3656    1489.95    1489.96     2.8003    121.739     2.8710    124.810    34.9260    34.9269 0.0000e+00
    813.352    594.000     7.4168     7.4179   3.586864   3.587046     1.4231     1.6559      90.96    589.249    27.3099    27.3104     7.3578     7.3589    1489.94    1489.95     2.8025    121.833     2.8745    124.963    34.9258    34.9267 0.0000e+00
    814.357    595.000     7.4038     7.4054   3.585663   3.585907     1.4234     1.6567      93.81    590.239    27.3113    27.3120     7.3448     7.3463    1489.91    1489.92     2.8050    121.943     2.8784    125.130    34.9253    34.9265 0.0000e+00
    815.308    596.000     7.3899     7.3906   3.584386   3.584535     1.4238     1.6574      95.30    591.230    27.3130    27.3137     7.3308     7.3314    1489.87    1489.88     2.8083    122.085     2.8821    125.290    34.9250    34.9259 0.0000e+00
    816.167    597.000     7.3712     7.3722   3.582646   3.582845     1.4242     1.6582      95.95    592.221    27.3152    27.3160     7.3121     7.3131    1489.82    1489.82     2.8126    122.273     2.8858    125.452    34.9243    34.9255 0.0000e+00
    817.065    598.000     7.3482     7.3499   3.580466   3.580737     1.4248     1.6589      96.03    593.211    27.3176    27.3183     7.2891     7.2908    1489.74    1489.75     2.8181    122.509     2.8891    125.598    34.9232    34.9245 0.0000e+00
    818.120    599.000     7.3335     7.3295   3.579123   3.578878     1.4258     1.6597      95.42    594.202    27.3195    27.3212     7.2743     7.2703    1489.70    1489.69     2.8247    122.798     2.8935    125.786    34.9229    34.9243 0.0000e+00
    819.039    600.000     7.2986     7.2914   3.576001   3.575488     1.4268     1.6607      94.11    595.192    27.3249    27.3272     7.2395     7.2324    1489.59    1489.56     2.8327    123.145     2.9012    126.122    34.9235    34.9251 0.0000e+00
    819.909    601.000     7.2956     7.2951   3.575771   3.575806     1.4280     1.6620      91.91    596.183    27.3253    27.3261     7.2364     7.2359    1489.59    1489.59     2.8398    123.452     2.9072    126.382    34.9235    34.9244 0.0000e+00
    821.025    602.000     7.2865     7.2868   3.574991   3.575126     1.4300     1.6644      87.21    597.173    27.3268    27.3277     7.2272     7.2276    1489.57    1489.58     2.8521    123.987     2.9184    126.869    34.9237    34.9249 0.0000e+00
    822.237    603.000     7.2088     7.2085   3.568294   3.568540     1.4329     1.6680      81.52    598.164    27.3414    27.3438     7.1498     7.1495    1489.30    1489.30     2.8721    124.853     2.9386    127.746    34.9284    34.9313 0.0000e+00
    823.168    604.000     7.1503     7.1515   3.563136   3.563493     1.4355     1.6716      78.78    599.154    27.3513    27.3532     7.0914     7.0926    1489.09    1489.10     2.8897    125.617     2.9568    128.533    34.9305    34.9332 0.0000e+00
    823.894    605.000     7.1058     7.0976   3.559170   3.558698     1.4379     1.6750      78.48    600.145    27.3583    27.3618     7.0470     7.0389    1488.94    1488.91     2.9065    126.349     2.9744    129.299    34.9315    34.9345 0.0000e+00
    824.622    606.000     6.9840     6.9857   3.547689   3.548178     1.4409     1.6791      82.42    601.136    27.3724    27.3751     6.9257     6.9274    1488.48    1488.49     2.9317    127.441     2.9986    130.348    34.9280    34.9317 0.0000e+00
    825.837    607.000     6.9423     6.9419   3.543772   3.543921     1.4471     1.6873      86.74    602.126    27.3771    27.3788     6.8841     6.8837    1488.33    1488.33     2.9639    128.841     3.0293    131.683    34.9267    34.9288 0.0000e+00
    827.291    608.000     6.9314     6.9221   3.542781   3.542062     1.4554     1.6982      87.13    603.117    27.3784    27.3809     6.8731     6.8638    1488.30    1488.27     2.9955    130.213     3.0615    133.082    34.9264    34.9279 0.0000e+00
    828.004    609.000     6.9154     6.9136   3.541382   3.541381     1.4595     1.7035      84.72    604.107    27.3809    27.3825     6.8571     6.8554    1488.26    1488.25     3.0059    130.664     3.0729    133.577    34.9267    34.9284 0.0000e+00
    828.670    610.000     6.8720     6.8670   3.537262   3.537062     1.4629     1.7079      81.96    605.098    27.3853    27.3883     6.8138     6.8088    1488.10    1488.09     3.0149    131.055     3.0839    134.054    34.9248    34.9276 0.0000e+00
    829.452    611.000     6.8274     6.8365   3.533078   3.534104     1.4663     1.7124      79.03    606.088    27.3903    27.3907     6.7693     6.7784    1487.94    1487.98     3.0231    131.410     3.0931    134.453    34.9233    34.9254 0.0000e+00
    830.465    612.000     6.8148     6.8191   3.531892   3.532491     1.4702     1.7174      78.70    607.079    27.3914    27.3925     6.7567     6.7610    1487.91    1487.93     3.0306    131.740     3.1029    134.879    34.9226    34.9248 0.0000e+00
    831.596    613.000     6.7112     6.7060   3.522020   3.521833     1.4739     1.7221      83.90    608.069    27.4020    27.4052     6.6534     6.6483    1487.52    1487.50     3.0475    132.472     3.1220    135.708    34.9182    34.9213 0.0000e+00
    833.397    614.000     6.6563     6.6568   3.516859   3.517040     1.4794     1.7293      86.78    609.060    27.4079    27.4090     6.5987     6.5992    1487.32    1487.32     3.0677    133.346     3.1442    136.676    34.9163    34.9177 0.0000e+00
    833.895    615.000     6.6535     6.6523   3.516627   3.516704     1.4809     1.7314      85.29    610.050    27.4081    27.4099     6.5958     6.5946    1487.32    1487.32     3.0731    133.584     3.1504    136.943    34.9161    34.9182 0.0000e+00
    834.403    616.000     6.6451     6.6448   3.515899   3.515985     1.4825     1.7334      83.17    611.041    27.4092    27.4103     6.5874     6.5870    1487.31    1487.31     3.0782    133.804     3.1560    137.185    34.9160    34.9173 0.0000e+00
    835.044    617.000     6.6453     6.6443   3.515970   3.516010     1.4843     1.7359      79.00    612.031    27.4093    27.4106     6.5875     6.5865    1487.32    1487.32     3.0823    133.981     3.1607    137.390    34.9161    34.9176 0.0000e+00
    836.820    618.000     6.6332     6.6449   3.514910   3.516120     1.4883     1.7410      67.83    613.022    27.4110    27.4106     6.5753     6.5869    1487.29    1487.34     3.0890    134.276     3.1669    137.659    34.9162    34.9178 0.0000e+00
    838.254    619.000     6.6107     6.6194   3.512775   3.513934     1.4908     1.7438      58.93    614.012    27.4130    27.4149     6.5528     6.5615    1487.22    1487.26     3.0939    134.489     3.1714    137.855    34.9150    34.9189 0.0000e+00
    838.789    620.000     6.5776     6.5767   3.509745   3.509841     1.4915     1.7445      57.17    615.002    27.4171    27.4188     6.5197     6.5188    1487.11    1487.11     3.0981    134.668     3.1757    138.042    34.9145    34.9165 0.0000e+00
    839.281    621.000     6.5510     6.5548   3.507260   3.507814     1.4922     1.7450      54.02    615.993    27.4199    27.4212     6.4932     6.4970    1487.02    1487.04     3.1018    134.831     3.1787    138.172    34.9135    34.9158 0.0000e+00
    839.851    622.000     6.5309     6.5295   3.505397   3.505448     1.4929     1.7456      51.20    616.983    27.4220    27.4237     6.4731     6.4717    1486.95    1486.95     3.1058    135.002     3.1828    138.351    34.9128    34.9147 0.0000e+00
    841.171    623.000     6.4986     6.4962   3.502343   3.502283     1.4946     1.7473      44.03    617.974    27.4250    27.4267     6.4409     6.4385    1486.84    1486.84     3.1159    135.443     3.1924    138.767    34.9112    34.9130 0.0000e+00
    842.637    624.000     6.4742     6.4751   3.500088   3.500353     1.4968     1.7498      37.27    618.964    27.4277    27.4291     6.4165     6.4174    1486.76    1486.77     3.1272    135.933     3.2031    139.230    34.9105    34.9125 0.0000e+00
    843.537    625.000     6.4504     6.4539   3.497897   3.498413     1.4983     1.7515      35.41    619.955    27.4304    27.4316     6.3927     6.3962    1486.68    1486.70     3.1342    136.235     3.2097    139.516    34.9099    34.9120 0.0000e+00
    844.285    626.000     6.4210     6.4271   3.495142   3.495950     1.4995     1.7529      34.31    620.945    27.4333    27.4347     6.3633     6.3694    1486.58    1486.61     3.1403    136.500     3.2156    139.776    34.9087    34.9115 0.0000e+00
    845.565    627.000     6.4009     6.4022   3.493311   3.493601     1.5014     1.7553      32.76    621.936    27.4357    27.4369     6.3432     6.3446    1486.52    1486.53     3.1486    136.860     3.2241    140.145    34.9083    34.9102 0.0000e+00
    846.958    628.000     6.3911     6.3928   3.492450   3.492764     1.5036     1.7578      31.34    622.926    27.4369    27.4381     6.3334     6.3350    1486.50    1486.51     3.1557    137.171     3.2312    140.451    34.9082    34.9100 0.0000e+00
    847.762    629.000     6.3879     6.3868   3.492195   3.492258     1.5047     1.7591      30.64    623.916    27.4373    27.4388     6.3301     6.3290    1486.50    1486.50     3.1581    137.276     3.2347    140.602    34.9082    34.9100 0.0000e+00
    849.176    630.000     6.3867     6.3874   3.492152   3.492350     1.5062     1.7610      29.53    624.907    27.4376    27.4387     6.3288     6.3295    1486.52    1486.52     3.1604    137.374     3.2380    140.748    34.9084    34.9099 0.0000e+00
    852.455    631.000     6.3864     6.3877   3.492213   3.492488     1.5085     1.7641      27.49    625.897    27.4380    27.4392     6.3285     6.3298    1486.53    1486.54     3.1623    137.457     3.2418    140.913    34.9088    34.9106 0.0000e+00
    853.727    632.000     6.3731     6.3731   3.491032   3.491185     1.5089     1.7645      26.79    626.888    27.4397    27.4411     6.3151     6.3151    1486.49    1486.50     3.1635    137.511     3.2426    140.948    34.9088    34.9105 0.0000e+00
