data/raw_ctdprof/TEST_CAST_profile_004.cnv
* Sea-Bird SBE 9 Data File:
* FileName = C:\CTD data\WS1501\WS1501_FS04.hex
* Software Version Seasave V 7.21
* Temperature SN = 1701
* Conductivity SN = 1346
* Number of Bytes Per Scan = 37
* Number of Voltage Words = 4
* Number of Scans Averaged by the Deck Unit = 1
* NMEA Latitude = 26 59.67 N
* NMEA Longitude = 079 36.96 W
* NMEA UTC (Time) = Jan 13 2015  06:07:54
** Ship: R/V FG Walton Smith
** Florida Straits Cable Calibration
** WS1501 - January 2015
# nquan = 23
# nvalues = 637                         
# units = specified
# name 0 = timeS: Time, Elapsed [seconds]
# name 1 = prDM: Pressure, Digiquartz [db]
# name 2 = t090C: Temperature [ITS-90, deg C]
# name 3 = t190C: Temperature, 2 [ITS-90, deg C]
# name 4 = c0S/m: Conductivity [S/m]
# name 5 = c1S/m: Conductivity, 2 [S/m]
# name 6 = sbeox0V: Oxygen raw, SBE 43 [V]
# name 7 = sbeox1V: Oxygen raw, SBE 43, 2 [V]
# name 8 = altM: Altimeter [m]
# name 9 = depSM: Depth [salt water, m]
# name 10 = sigma-é00: Density [sigma-theta, kg/m^3]
# name 11 = sigma-é11: Density, 2 [sigma-theta, kg/m^3]
# name 12 = potemp090C: Potential Temperature [ITS-90, deg C]
# name 13 = potemp190C: Potential Temperature, 2 [ITS-90, deg C]
# name 14 = svCM: Sound Velocity [Chen-Millero, m/s]
# name 15 = svCM1: Sound Velocity, 2 [Chen-Millero, m/s]
# name 16 = sbeox0ML/L: Oxygen, SBE 43 [ml/l]
# name 17 = sbeox0Mm/Kg: Oxygen, SBE 43 [umol/kg]
# name 18 = sbeox1ML/L: Oxygen, SBE 43, 2 [ml/l]
# name 19 = sbeox1Mm/Kg: Oxygen, SBE 43, 2 [umol/kg]
# name 20 = sal00: Salinity, Practical [PSU]
# name 21 = sal11: Salinity, Practical, 2 [PSU]
# name 22 = flag:
# span 0 =     62.749,    876.310       
# span 1 =      4.000,    640.000       
# span 2 =     6.3059,    26.0892       
# span 3 =     6.3044,    26.0888       
# span 4 =   3.485134,   5.622401       
# span 5 =   3.485121,   5.622367       
# span 6 =     1.4058,     2.7594       
# span 7 =     1.6324,     3.3055       
# span 8 =      18.42,      98.82       
# span 9 =      3.974,    634.811       
# span 10 =    23.9675,    27.4477      
# span 11 =    23.9721,    27.4490      
# span 12 =     6.2475,    26.0829      
# span 13 =     6.2460,    26.0800      
# span 14 =    1486.36,    1540.12      
# span 15 =    1486.36,    1540.12      
# span 16 =     2.5772,     4.4199      
# span 17 =    112.072,    192.771      
# span 18 =     2.6339,     4.5461      
# span 19 =    114.539,    198.275      
# span 20 =    34.9076,    36.8439      
# span 21 =    34.9090,    36.8464      
# span 22 = 0.0000e+00, 0.0000e+00      
# interval = decibars: 1                
# start_time = Jan 13 2015 06:07:54 [NMEA time, header]
# bad_flag = -9.990e-29
*END*
[from data line 189]
    404.179    193.000    19.2881    19.2965   4.912333   4.913840     1.8944     2.2333      94.06    191.641    26.1303    26.1321    19.2530    19.2614    1524.43    1524.46     3.0832    134.191     3.1602    137.540    36.5361    36.5413 0.0000e+00
    405.465    194.000    19.1272    19.1327   4.892555   4.893399     1.8821     2.2189      96.30    192.634    26.1532    26.1534    19.0921    19.0977    1523.96    1523.98     3.0805    134.070     3.1550    137.311    36.5114    36.5135 0.0000e+00
    406.564    195.000    19.0606    19.0657   4.885517   4.886260     1.8750     2.2103      97.34    193.626    26.1697    26.1697    19.0254    19.0305    1523.79    1523.81     3.0775    133.934     3.1479    137.000    36.5105    36.5122 0.0000e+00
    407.220    196.000    19.0047    19.0093   4.879912   4.880461     1.8720     2.2063      97.69    194.619    26.1854    26.1846    18.9694    18.9740    1523.65    1523.67     3.0794    134.018     3.1477    136.989    36.5122    36.5127 0.0000e+00
    407.830    197.000    18.9902    18.9950   4.878282   4.878801     1.8702     2.2039      97.92    195.611    26.1882    26.1871    18.9547    18.9595    1523.63    1523.64     3.0829    134.168     3.1491    137.048    36.5109    36.5110 0.0000e+00
    409.936    198.000    18.9654    18.9702   4.876145   4.876836     1.8721     2.2054      98.09    196.604    26.1973    26.1973    18.9298    18.9346    1523.58    1523.59     3.1050    135.131     3.1659    137.778    36.5144    36.5160 0.0000e+00
    411.077    199.000    18.9227    18.9279   4.872706   4.873301     1.8751     2.2094      97.90    197.596    26.2146    26.2136    18.8869    18.8922    1523.48    1523.50     3.1175    135.673     3.1795    138.370    36.5227    36.5231 0.0000e+00
    411.606    200.000    18.8869    18.8910   4.868608   4.869074     1.8767     2.2119      97.70    198.589    26.2212    26.2205    18.8511    18.8551    1523.39    1523.40     3.1245    135.973     3.1876    138.723    36.5193    36.5197 0.0000e+00
    412.096    201.000    18.8388    18.8436   4.862676   4.863405     1.8783     2.2144      97.44    199.581    26.2275    26.2277    18.8028    18.8077    1523.26    1523.28     3.1327    136.329     3.1962    139.092    36.5114    36.5133 0.0000e+00
    412.633    202.000    18.7752    18.7799   4.855087   4.855656     1.8803     2.2173      97.05    200.574    26.2375    26.2368    18.7391    18.7438    1523.09    1523.10     3.1420    136.733     3.2054    139.493    36.5031    36.5038 0.0000e+00
    414.001    203.000    18.7374    18.7432   4.850743   4.851368     1.8842     2.2226      95.26    201.566    26.2443    26.2430    18.7012    18.7070    1522.99    1523.01     3.1488    137.028     3.2134    139.840    36.4994    36.4996 0.0000e+00
    415.502    204.000    18.6922    18.7003   4.845408   4.846523     1.8863     2.2255      91.65    202.559    26.2516    26.2513    18.6559    18.6640    1522.87    1522.90     3.1498    137.073     3.2172    140.003    36.4938    36.4961 0.0000e+00
    416.478    205.000    18.6511    18.6560   4.840622   4.841161     1.8861     2.2255      87.89    203.551    26.2586    26.2575    18.6147    18.6196    1522.77    1522.78     3.1482    137.001     3.2166    139.977    36.4893    36.4895 0.0000e+00
    417.617    206.000    18.5845    18.5902   4.832734   4.833591     1.8845     2.2234      83.17    204.543    26.2692    26.2695    18.5479    18.5537    1522.59    1522.60     3.1430    136.772     3.2115    139.754    36.4810    36.4832 0.0000e+00
    418.589    207.000    18.5076    18.5131   4.823721   4.824397     1.8814     2.2190      79.57    205.536    26.2820    26.2813    18.4710    18.4764    1522.37    1522.39     3.1338    136.371     3.2024    139.356    36.4722    36.4731 0.0000e+00
    419.558    208.000    18.4789    18.4838   4.820204   4.820856     1.8763     2.2122      77.10    206.528    26.2855    26.2852    18.4422    18.4471    1522.30    1522.32     3.1155    135.574     3.1859    138.638    36.4674    36.4685 0.0000e+00
    420.286    209.000    18.3715    18.3774   4.807100   4.808071     1.8710     2.2056      77.24    207.521    26.2999    26.3007    18.3347    18.3406    1521.99    1522.01     3.1024    135.004     3.1761    138.211    36.4507    36.4537 0.0000e+00
    420.880    210.000    18.2757    18.2814   4.795588   4.796354     1.8655     2.1992      78.26    208.513    26.3136    26.3133    18.2389    18.2446    1521.71    1521.73     3.0893    134.430     3.1663    137.780    36.4372    36.4386 0.0000e+00
    421.685    211.000    18.2089    18.2147   4.787517   4.788259     1.8562     2.1885      83.35    209.506    26.3227    26.3222    18.1720    18.1779    1521.53    1521.54     3.0645    133.351     3.1450    136.852    36.4272    36.4284 0.0000e+00
    423.430    212.000    18.1158    18.1202   4.776356   4.777050     1.8337     2.1619      89.93    210.498    26.3360    26.3365    18.0789    18.0833    1521.26    1521.27     3.0158    131.230     3.0982    134.814    36.4142    36.4162 0.0000e+00
    424.793    213.000    18.0180    18.0242   4.764933   4.765672     1.8185     2.1436      89.66    211.490    26.3517    26.3509    17.9811    17.9872    1520.98    1521.00     2.9977    130.442     3.0764    133.865    36.4029    36.4037 0.0000e+00
    425.750    214.000    17.9861    17.9921   4.761211   4.761888     1.8104     2.1336      87.21    212.483    26.3567    26.3556    17.9490    17.9550    1520.90    1520.91     2.9902    130.115     3.0656    133.395    36.3990    36.3994 0.0000e+00
    426.497    215.000    17.9514    17.9568   4.757132   4.757704     1.8057     2.1276      84.29    213.475    26.3620    26.3607    17.9142    17.9195    1520.81    1520.82     2.9877    130.006     3.0611    133.199    36.3945    36.3946 0.0000e+00
    427.456    216.000    17.9035    17.9093   4.751384   4.752078     1.8011     2.1218      79.89    214.468    26.3684    26.3675    17.8662    17.8720    1520.68    1520.69     2.9864    129.946     3.0576    133.046    36.3874    36.3881 0.0000e+00
    428.313    217.000    17.8142    17.8212   4.740687   4.741762     1.7981     2.1178      75.53    215.460    26.3807    26.3812    17.7768    17.7838    1520.42    1520.44     2.9902    130.109     3.0589    133.100    36.3746    36.3776 0.0000e+00
    428.966    218.000    17.6932    17.7002   4.726293   4.727270     1.7965     2.1157      72.18    216.452    26.3978    26.3978    17.6559    17.6628    1520.06    1520.08     2.9984    130.467     3.0654    133.379    36.3580    36.3603 0.0000e+00
    429.679    219.000    17.6152    17.6216   4.717126   4.717905     1.7958     2.1146      69.00    217.445    26.4093    26.4086    17.5778    17.5842    1519.84    1519.86     3.0067    130.825     3.0723    133.678    36.3482    36.3492 0.0000e+00
    431.810    220.000    17.5494    17.5614   4.709399   4.710858     1.7987     2.1186      63.99    218.437    26.4190    26.4176    17.5120    17.5239    1519.65    1519.69     3.0317    131.910     3.0945    134.644    36.3397    36.3417 0.0000e+00
    432.807    221.000    17.4857    17.4909   4.702078   4.702623     1.8017     2.1225      66.99    219.429    26.4295    26.4282    17.4481    17.4533    1519.47    1519.49     3.0427    132.388     3.1054    135.115    36.3330    36.3331 0.0000e+00
    433.592    222.000    17.4317    17.4393   4.695737   4.696753     1.8035     2.1245      74.37    220.422    26.4372    26.4369    17.3940    17.4017    1519.32    1519.34     3.0485    132.638     3.1099    135.311    36.3260    36.3279 0.0000e+00
    434.520    223.000    17.3273    17.3333   4.683728   4.684428     1.8051     2.1259      81.11    221.414    26.4540    26.4531    17.2896    17.2956    1519.01    1519.03     3.0562    132.974     3.1173    135.630    36.3148    36.3155 0.0000e+00
    435.482    224.000    17.2682    17.2746   4.676770   4.677527     1.8061     2.1268      83.95    222.407    26.4623    26.4613    17.2304    17.2369    1518.85    1518.87     3.0604    133.153     3.1215    135.812    36.3069    36.3077 0.0000e+00
    436.368    225.000    17.2115    17.2171   4.670156   4.670708     1.8067     2.1272      83.60    223.399    26.4705    26.4690    17.1737    17.1792    1518.69    1518.70     3.0648    133.343     3.1261    136.014    36.2998    36.2995 0.0000e+00
    437.089    226.000    17.1985    17.2035   4.668593   4.669010     1.8071     2.1278      81.03    224.391    26.4719    26.4700    17.1605    17.1655    1518.66    1518.68     3.0663    133.409     3.1294    136.156    36.2974    36.2965 0.0000e+00
    438.099    227.000    17.1914    17.1964   4.667787   4.668174     1.8074     2.1290      75.92    225.384    26.4728    26.4708    17.1533    17.1582    1518.66    1518.67     3.0664    133.415     3.1325    136.290    36.2963    36.2953 0.0000e+00
    439.815    228.000    17.1784    17.1835   4.666331   4.666800     1.8073     2.1303      68.19    226.376    26.4750    26.4733    17.1401    17.1452    1518.63    1518.65     3.0660    133.394     3.1347    136.385    36.2950    36.2944 0.0000e+00
    440.642    229.000    17.1604    17.1654   4.664330   4.664742     1.8071     2.1305      66.20    227.368    26.4780    26.4761    17.1220    17.1270    1518.59    1518.61     3.0667    133.427     3.1357    136.429    36.2933    36.2923 0.0000e+00
    441.636    230.000    17.1427    17.1485   4.662310   4.662878     1.8068     2.1304      66.19    228.361    26.4807    26.4791    17.1041    17.1099    1518.55    1518.57     3.0674    133.458     3.1362    136.452    36.2911    36.2909 0.0000e+00
    442.496    231.000    17.1165    17.1213   4.659312   4.659655     1.8066     2.1302      69.77    229.353    26.4847    26.4826    17.0778    17.0826    1518.49    1518.50     3.0693    133.538     3.1375    136.508    36.2881    36.2868 0.0000e+00
    443.221    232.000    17.1097    17.1143   4.658697   4.659017     1.8064     2.1299      77.52    230.345    26.4866    26.4845    17.0709    17.0755    1518.49    1518.50     3.0701    133.572     3.1375    136.505    36.2884    36.2871 0.0000e+00
    444.001    233.000    17.1056    17.1107   4.658285   4.658656     1.8064     2.1295      84.32    231.337    26.4874    26.4852    17.0666    17.0717    1518.49    1518.50     3.0710    133.612     3.1374    136.502    36.2881    36.2868 0.0000e+00
    445.087    234.000    17.0988    17.1036   4.657532   4.657883     1.8064     2.1292      90.29    232.330    26.4885    26.4863    17.0596    17.0645    1518.49    1518.50     3.0720    133.654     3.1378    136.519    36.2873    36.2860 0.0000e+00
    446.460    235.000    17.0948    17.0994   4.657113   4.657444     1.8063     2.1287      94.62    233.322    26.4891    26.4871    17.0555    17.0600    1518.49    1518.50     3.0718    133.647     3.1373    136.498    36.2868    36.2856 0.0000e+00
    447.466    236.000    17.0910    17.0957   4.656727   4.657088     1.8062     2.1284      96.27    234.314    26.4897    26.4878    17.0516    17.0562    1518.50    1518.51     3.0723    133.666     3.1382    136.538    36.2864    36.2854 0.0000e+00
    448.362    237.000    17.0730    17.0779   4.654758   4.655160     1.8062     2.1285      97.19    235.307    26.4931    26.4912    17.0334    17.0383    1518.46    1518.47     3.0751    133.787     3.1408    136.650    36.2851    36.2842 0.0000e+00
    449.256    238.000    17.0643    17.0678   4.654083   4.654179     1.8066     2.1291      97.78    236.299    26.4964    26.4937    17.0245    17.0281    1518.45    1518.46     3.0792    133.969     3.1448    136.820    36.2866    36.2843 0.0000e+00
    450.158    239.000    17.0695    17.0741   4.654972   4.655287     1.8076     2.1305      98.16    237.291    26.4972    26.4950    17.0296    17.0342    1518.48    1518.50     3.0843    134.191     3.1500    137.048    36.2893    36.2879 0.0000e+00
    451.114    240.000    17.0557    17.0602   4.653275   4.653651     1.8092     2.1329      98.41    238.283    26.4985    26.4968    17.0156    17.0201    1518.46    1518.47     3.0914    134.497     3.1565    137.330    36.2865    36.2857 0.0000e+00
    452.149    241.000    17.0324    17.0367   4.650333   4.650633     1.8111     2.1350      98.58    239.276    26.5001    26.4980    16.9921    16.9965    1518.40    1518.41     3.0969    134.735     3.1602    137.493    36.2813    36.2800 0.0000e+00
    453.188    242.000    17.0289    17.0330   4.649991   4.650251     1.8123     2.1357      98.68    240.268    26.5008    26.4987    16.9885    16.9926    1518.40    1518.41     3.0963    134.712     3.1589    137.437    36.2811    36.2796 0.0000e+00
    454.168    243.000    17.0201    17.0247   4.649017   4.649329     1.8125     2.1355      98.73    241.260    26.5022    26.5000    16.9796    16.9841    1518.39    1518.40     3.0941    134.617     3.1584    137.414    36.2801    36.2787 0.0000e+00
    454.968    244.000    17.0154    17.0201   4.648532   4.648851     1.8121     2.1354      98.76    242.253    26.5030    26.5008    16.9747    16.9794    1518.39    1518.41     3.0924    134.543     3.1594    137.458    36.2797    36.2783 0.0000e+00
    455.695    245.000    17.0110    17.0158   4.648031   4.648345     1.8117     2.1354      98.78    243.245    26.5035    26.5011    16.9701    16.9749    1518.40    1518.41     3.0911    134.484     3.1604    137.498    36.2789    36.2773 0.0000e+00
    456.770    246.000    17.0126    17.0168   4.648314   4.648552     1.8107     2.1353      98.79    244.237    26.5037    26.5013    16.9715    16.9758    1518.42    1518.43     3.0884    134.368     3.1599    137.476    36.2795    36.2778 0.0000e+00
    458.126    247.000    17.0107    17.0153   4.648146   4.648452     1.8094     2.1348      98.79    245.229    26.5040    26.5018    16.9695    16.9741    1518.43    1518.44     3.0852    134.227     3.1582    137.403    36.2793    36.2779 0.0000e+00
    459.149    248.000    16.9997    17.0042   4.646850   4.647139     1.8082     2.1338      98.78    246.221    26.5052    26.5030    16.9584    16.9628    1518.41    1518.42     3.0821    134.091     3.1552    137.273    36.2775    36.2760 0.0000e+00
    460.199    249.000    16.9973    17.0016   4.646703   4.646929     1.8066     2.1318      98.75    247.214    26.5062    26.5037    16.9558    16.9601    1518.42    1518.43     3.0762    133.834     3.1499    137.042    36.2780    36.2761 0.0000e+00
    461.198    250.000    16.9739    16.9845   4.643842   4.645019     1.8043     2.1291      98.70    248.206    26.5085    26.5066    16.9322    16.9428    1518.36    1518.40     3.0689    133.518     3.1426    136.726    36.2736    36.2744 0.0000e+00
    462.041    251.000    16.9073    16.9149   4.635640   4.636534     1.8016     2.1253      98.64    249.198    26.5150    26.5139    16.8656    16.8732    1518.17    1518.19     3.0619    133.210     3.1341    136.355    36.2613    36.2623 0.0000e+00
    462.949    252.000    16.8313    16.8364   4.626421   4.626955     1.7971     2.1185      98.52    250.190    26.5232    26.5221    16.7896    16.7947    1517.94    1517.96     3.0478    132.599     3.1193    135.710    36.2484    36.2485 0.0000e+00
    464.191    253.000    16.7810    16.7856   4.620281   4.620623     1.7885     2.1066      98.27    251.183    26.5283    26.5263    16.7392    16.7438    1517.79    1517.81     3.0239    131.559     3.0964    134.713    36.2394    36.2383 0.0000e+00
    465.125    254.000    16.7520    16.7564   4.616984   4.617316     1.7818     2.0981      97.94    252.175    26.5327    26.5309    16.7100    16.7144    1517.72    1517.73     3.0162    131.222     3.0879    134.340    36.2362    36.2352 0.0000e+00
