data/raw_ctdprof/TEST_CAST_profile_004.cnv
* Sea-Bird SBE 9 Data File:
* FileName = C:\CTD data\WS1501\WS1501_FS04.hex
* Software Version Seasave V 7.21
* Temperature SN = 1701
* Conductivity SN = 1346
* Number of Bytes Per Scan = 37
* Number of Voltage Words = 4
* Number of Scans Averaged by the Deck Unit = 1
* NMEA Latitude = 26 59.67 N
* NMEA Longitude = 079 36.96 W
* NMEA UTC (Time) = Jan 13 2015  06:07:54
** Ship: R/V FG Walton Smith
** Florida Straits Cable Calibration
** WS1501 - January 2015
# nquan = 23
# nvalues = 637                         
# units = specified
# name 0 = timeS: Time, Elapsed [seconds]
# name 1 = prDM: Pressure, Digiquartz [db]
# name 2 = t090C: Temperature [ITS-90, deg C]
# name 3 = t190C: Temperature, 2 [ITS-90, deg C]
# name 4 = c0S/m: Conductivity [S/m]
# name 5 = c1S/m: Conductivity, 2 [S/m]
# name 6 = sbeox0V: Oxygen raw, SBE 43 [V]
# name 7 = sbeox1V: Oxygen raw, SBE 43, 2 [V]
# name 8 = altM: Altimeter [m]
# name 9 = depSM: Depth [salt water, m]
# name 10 = sigma-é00: Density [sigma-theta, kg/m^3]
# name 11 = sigma-é11: Density, 2 [sigma-theta, kg/m^3]
# name 12 = potemp090C: Potential Temperature [ITS-90, deg C]
# name 13 = potemp190C: Potential Temperature, 2 [ITS-90, deg C]
# name 14 = svCM: Sound Velocity [Chen-Millero, m/s]
# name 15 = svCM1: Sound Velocity, 2 [Chen-Millero, m/s]
# name 16 = sbeox0ML/L: Oxygen, SBE 43 [ml/l]
# name 17 = sbeox0Mm/Kg: Oxygen, SBE 43 [umol/kg]
# name 18 = sbeox1ML/L: Oxygen, SBE 43, 2 [ml/l]
# name 19 = sbeox1Mm/Kg: Oxygen, SBE 43, 2 [umol/kg]
# name 20 = sal00: Salinity, Practical [PSU]
# name 21 = sal11: Salinity, Practical, 2 [PSU]
# name 22 = flag:
# span 0 =     62.749,    876.310       
# span 1 =      4.000,    640.000       
# span 2 =     6.3059,    26.0892       
# span 3 =     6.3044,    26.0888       
# span 4 =   3.485134,   5.622401       
# span 5 =   3.485121,   5.622367       
# span 6 =     1.4058,     2.7594       
# span 7 =     1.6324,     3.3055       
# span 8 =      18.42,      98.82       
# span 9 =      3.974,    634.811       
# span 10 =    23.9675,    27.4477      
# span 11 =    23.9721,    27.4490      
# span 12 =     6.2475,    26.0829      
# span 13 =     6.2460,    26.0800      
# span 14 =    1486.36,    1540.12      
# span 15 =    1486.36,    1540.12      
# span 16 =     2.5772,     4.4199      
# span 17 =    112.072,    192.771      
# span 18 =     2.6339,     4.5461      
# span 19 =    114.539,    198.275      
# span 20 =    34.9076,    36.8439      
# span 21 =    34.9090,    36.8464      
# span 22 = 0.0000e+00, 0.0000e+00      
# interval = decibars: 1                
# start_time = Jan 13 2015 06:07:54 [NMEA time, header]
# bad_flag = -9.990e-29
*END*
[from data line 126]
    334.452    130.000    23.6865    23.6880   5.371893   5.372359     2.6200     3.1305      93.10    129.105    24.8749    24.8763    23.6593    23.6607    1534.99    1534.99     4.3717    190.500     4.4761    195.053    36.4951    36.4975 0.0000e+00
    335.362    131.000    23.6881    23.6896   5.372631   5.373127     2.6169     3.1283      95.11    130.097    24.8776    24.8791    23.6606    23.6621    1535.01    1535.02     4.3623    190.092     4.4702    194.791    36.4991    36.5017 0.0000e+00
    336.676    132.000    23.6856    23.6872   5.372682   5.373226     2.6103     3.1219      96.81    131.090    24.8800    24.8817    23.6579    23.6595    1535.02    1535.03     4.3442    189.303     4.4546    194.114    36.5013    36.5041 0.0000e+00
    337.786    133.000    23.6753    23.6771   5.372238   5.372760     2.6030     3.1131      97.55    132.083    24.8867    24.8881    23.6473    23.6492    1535.02    1535.03     4.3256    188.492     4.4365    193.322    36.5060    36.5085 0.0000e+00
    338.437    134.000    23.6672    23.6692   5.372201   5.372778     2.5976     3.1066      97.76    133.076    24.8938    24.8953    23.6391    23.6410    1535.02    1535.03     4.3115    187.875     4.4231    192.736    36.5121    36.5149 0.0000e+00
    339.576    135.000    23.6577    23.6582   5.372629   5.372844     2.5844     3.0897      97.81    134.068    24.9048    24.9055    23.6294    23.6299    1535.03    1535.03     4.2727    186.184     4.3862    191.126    36.5228    36.5240 0.0000e+00
    341.480    136.000    23.7108    23.7009   5.384787   5.382043     2.5506     3.0475      97.33    135.061    24.9262    24.9194    23.6822    23.6724    1535.23    1535.19     4.1620    181.355     4.2841    186.678    36.5718    36.5590 0.0000e+00
    342.349    137.000    23.8434    23.8365   5.415348   5.413212     2.5228     3.0120      96.64    136.054    24.9810    24.9750    23.8145    23.8076    1535.71    1535.68     4.0630    177.029     4.1895    182.546    36.6957    36.6851 0.0000e+00
    343.134    138.000    23.9037    23.9045   5.430682   5.430769     2.4886     2.9686      95.68    137.047    25.0139    25.0137    23.8745    23.8753    1535.95    1535.95     3.9558    172.356     4.0872    178.081    36.7626    36.7626 0.0000e+00
    344.063    139.000    23.9043    23.9060   5.436184   5.436373     2.4364     2.9023      93.81    138.040    25.0450    25.0445    23.8748    23.8766    1536.01    1536.02     3.8269    166.734     3.9577    172.435    36.8038    36.8038 0.0000e+00
    345.529    140.000    23.8710    23.8742   5.434994   5.435833     2.3550     2.7974      88.70    139.032    25.0687    25.0706    23.8414    23.8446    1535.97    1535.98     3.6824    160.433     3.7970    165.428    36.8219    36.8257 0.0000e+00
    346.656    141.000    23.8448    23.8461   5.431655   5.432152     2.3096     2.7392      83.11    140.025    25.0735    25.0751    23.8150    23.8163    1535.92    1535.92     3.6289    158.102     3.7311    162.553    36.8178    36.8206 0.0000e+00
    347.778    142.000    23.8279    23.8297   5.430403   5.430929     2.2793     2.7010      77.13    141.018    25.0816    25.0830    23.7979    23.7998    1535.89    1535.90     3.5984    156.771     3.6908    160.798    36.8219    36.8244 0.0000e+00
    348.970    143.000    23.7738    23.7772   5.424724   5.425605     2.2596     2.6763      71.40    142.011    25.0985    25.1005    23.7437    23.7471    1535.78    1535.79     3.5812    156.022     3.6674    159.776    36.8230    36.8269 0.0000e+00
    350.420    144.000    23.6843    23.6877   5.415453   5.416341     2.2432     2.6557      66.96    143.003    25.1274    25.1294    23.6540    23.6574    1535.58    1535.59     3.5666    155.381     3.6477    158.914    36.8260    36.8299 0.0000e+00
    351.203    145.000    23.5826    23.5855   5.405156   5.406061     2.2369     2.6480      67.83    143.996    25.1614    25.1640    23.5522    23.5551    1535.34    1535.36     3.5627    155.206     3.6440    158.745    36.8312    36.8357 0.0000e+00
    351.860    146.000    23.5207    23.5233   5.398606   5.399393     2.2319     2.6426      70.54    144.989    25.1804    25.1825    23.4902    23.4928    1535.21    1535.22     3.5582    155.007     3.6404    158.585    36.8320    36.8359 0.0000e+00
    353.284    147.000    23.4522    23.4552   5.391635   5.392331     2.2225     2.6316      83.60    145.981    25.2029    25.2042    23.4216    23.4246    1535.06    1535.07     3.5467    154.503     3.6267    157.988    36.8351    36.8380 0.0000e+00
    354.622    148.000    23.3881    23.3965   5.385217   5.386727     2.2151     2.6217      91.26    146.974    25.2246    25.2256    23.3572    23.3657    1534.92    1534.94     3.5382    154.126     3.6152    157.480    36.8388    36.8434 0.0000e+00
    355.502    149.000    23.3254    23.3290   5.378934   5.379760     2.2109     2.6167      93.83    147.967    25.2457    25.2472    23.2944    23.2980    1534.78    1534.79     3.5344    153.961     3.6122    157.348    36.8424    36.8457 0.0000e+00
    356.988    150.000    23.3065    23.3083   5.377046   5.377568     2.2038     2.6087      96.51    148.960    25.2520    25.2533    23.2753    23.2771    1534.75    1534.76     3.5212    153.384     3.6009    156.857    36.8433    36.8457 0.0000e+00
    358.087    151.000    23.3021    23.3034   5.376648   5.377112     2.1989     2.6034      97.49    149.952    25.2536    25.2550    23.2707    23.2720    1534.76    1534.76     3.5138    153.061     3.5941    156.558    36.8435    36.8460 0.0000e+00
    358.940    152.000    23.2981    23.3000   5.376311   5.376828     2.1960     2.6003      97.95    150.945    25.2551    25.2564    23.2665    23.2684    1534.76    1534.77     3.5102    152.905     3.5910    156.424    36.8439    36.8463 0.0000e+00
    359.819    153.000    23.2845    23.2867   5.374850   5.375418     2.1934     2.5979      98.26    151.938    25.2589    25.2602    23.2527    23.2549    1534.74    1534.75     3.5073    152.777     3.5884    156.311    36.8436    36.8462 0.0000e+00
    361.530    154.000    23.2704    23.2722   5.373343   5.373826     2.1889     2.5924      98.59    152.930    25.2629    25.2641    23.2384    23.2402    1534.73    1534.73     3.4996    152.441     3.5794    155.915    36.8434    36.8457 0.0000e+00
    362.642    155.000    23.2603    23.2624   5.372320   5.372907     2.1860     2.5884      98.69    153.923    25.2661    25.2676    23.2281    23.2302    1534.72    1534.73     3.4939    152.193     3.5732    155.647    36.8437    36.8464 0.0000e+00
    363.365    156.000    23.2222    23.2244   5.367712   5.368323     2.1839     2.5860      98.73    154.916    25.2742    25.2757    23.1898    23.1920    1534.63    1534.64     3.4914    152.082     3.5722    155.602    36.8395    36.8424 0.0000e+00
    364.599    157.000    23.2007    23.2040   5.364902   5.365640     2.1796     2.5817      98.77    155.908    25.2774    25.2786    23.1682    23.1715    1534.59    1534.60     3.4832    151.726     3.5658    155.320    36.8354    36.8383 0.0000e+00
    365.886    158.000    23.1796    23.1749   5.362178   5.361933     2.1751     2.5763      98.80    156.901    25.2807    25.2837    23.1469    23.1422    1534.55    1534.54     3.4758    151.401     3.5571    154.943    36.8316    36.8337 0.0000e+00
    366.782    159.000    23.1448    23.1420   5.357665   5.357632     2.1722     2.5719      98.81    157.894    25.2863    25.2886    23.1119    23.1091    1534.47    1534.47     3.4734    151.297     3.5511    154.681    36.8255    36.8275 0.0000e+00
    368.167    160.000    22.9991    23.0049   5.338533   5.339863     2.1680     2.5646      98.82    158.886    25.3084    25.3109    22.9662    22.9719    1534.09    1534.11     3.4739    151.315     3.5474    154.518    36.7988    36.8043 0.0000e+00
    369.524    161.000    22.8555    22.8617   5.319520   5.321472     2.1632     2.5579      98.82    159.879    25.3289    25.3347    22.8225    22.8287    1533.71    1533.74     3.4714    151.205     3.5457    154.437    36.7710    36.7810 0.0000e+00
    370.252    162.000    22.5983    22.6022   5.286073   5.287283     2.1601     2.5547      98.82    160.872    25.3686    25.3722    22.5654    22.5693    1533.02    1533.04     3.4817    151.647     3.5571    154.928    36.7256    36.7318 0.0000e+00
    371.018    163.000    22.4916    22.4986   5.272349   5.273899     2.1568     2.5516      98.82    161.864    25.3855    25.3882    22.4586    22.4656    1532.74    1532.77     3.4815    151.632     3.5589    155.005    36.7075    36.7138 0.0000e+00
    372.608    164.000    22.1713    22.1764   5.232419   5.233811     2.1490     2.5445      98.81    162.857    25.4431    25.4467    22.1384    22.1435    1531.88    1531.90     3.4829    151.687     3.5639    155.213    36.6632    36.6699 0.0000e+00
    374.130    165.000    22.0611    22.0654   5.220228   5.220915     2.1396     2.5344      98.79    163.850    25.4717    25.4718    22.0281    22.0325    1531.61    1531.62     3.4659    150.941     3.5486    154.544    36.6598    36.6616 0.0000e+00
    375.031    166.000    22.0380    22.0407   5.222241   5.222585     2.1330     2.5264      98.76    164.842    25.5050    25.5046    22.0048    22.0075    1531.60    1531.61     3.4495    150.225     3.5339    153.897    36.6949    36.6954 0.0000e+00
    375.749    167.000    22.0143    22.0185   5.228147   5.228428     2.1269     2.5197      98.74    165.835    25.5624    25.5601    21.9809    21.9852    1531.63    1531.64     3.4346    149.568     3.5214    153.346    36.7615    36.7601 0.0000e+00
    377.694    168.000    21.9556    21.9713   5.228192   5.229640     2.1101     2.5007      98.61    166.827    25.6169    25.6110    21.9221    21.9378    1531.55    1531.59     3.4051    148.274     3.4922    152.069    36.8113    36.8095 0.0000e+00
    378.511    169.000    21.9079    21.9122   5.222515   5.223355     2.1046     2.4946      98.50    167.820    25.6267    25.6278    21.8743    21.8786    1531.44    1531.45     3.4011    148.098     3.4886    151.906    36.8065    36.8096 0.0000e+00
    379.099    170.000    21.8666    21.8702   5.217931   5.218626     2.1014     2.4911      98.39    168.813    25.6372    25.6381    21.8328    21.8364    1531.34    1531.36     3.3999    148.044     3.4867    151.826    36.8050    36.8075 0.0000e+00
    380.560    171.000    21.7939    21.8051   5.209447   5.211154     2.0955     2.4835      97.89    169.805    25.6532    25.6532    21.7600    21.7712    1531.16    1531.20     3.3970    147.915     3.4783    151.457    36.7992    36.8032 0.0000e+00
    382.082    172.000    21.6553    21.6634   5.194654   5.195992     2.0907     2.4753      96.90    170.798    25.6922    25.6928    21.6214    21.6294    1530.82    1530.84     3.3966    147.893     3.4719    151.172    36.7993    36.8030 0.0000e+00
    383.033    173.000    21.6163    21.6199   5.191501   5.192148     2.0876     2.4701      95.73    171.790    25.7091    25.7097    21.5822    21.5858    1530.74    1530.75     3.3919    147.684     3.4662    150.920    36.8071    36.8092 0.0000e+00
    383.885    174.000    21.5903    21.5936   5.189278   5.189858     2.0847     2.4660      94.06    172.783    25.7195    25.7200    21.5561    21.5593    1530.69    1530.70     3.3870    147.471     3.4621    150.739    36.8112    36.8130 0.0000e+00
    385.102    175.000    21.5659    21.5694   5.187071   5.187645     2.0807     2.4617      90.07    173.776    25.7286    25.7289    21.5314    21.5349    1530.65    1530.66     3.3819    147.248     3.4585    150.582    36.8141    36.8157 0.0000e+00
    386.929    176.000    21.4963    21.5013   5.179770   5.180677     2.0765     2.4572      81.89    174.768    25.7487    25.7496    21.4618    21.4667    1530.48    1530.50     3.3827    147.281     3.4577    150.545    36.8149    36.8180 0.0000e+00
    387.797    177.000    21.4242    21.4274   5.172036   5.172606     2.0760     2.4564      77.70    175.761    25.7684    25.7689    21.3895    21.3927    1530.31    1530.32     3.3899    147.588     3.4628    150.763    36.8145    36.8163 0.0000e+00
    388.526    178.000    21.4012    21.4049   5.169720   5.170324     2.0762     2.4563      74.35    176.753    25.7755    25.7757    21.3663    21.3701    1530.26    1530.27     3.3941    147.770     3.4665    150.922    36.8153    36.8169 0.0000e+00
    389.292    179.000    21.3311    21.3358   5.162317   5.163171     2.0767     2.4573      72.16    177.746    25.7952    25.7961    21.2962    21.3008    1530.09    1530.11     3.4013    148.084     3.4752    151.298    36.8157    36.8186 0.0000e+00
    390.113    180.000    21.2716    21.2761   5.155525   5.156315     2.0775     2.4595      71.08    178.739    25.8088    25.8095    21.2365    21.2410    1529.95    1529.96     3.4075    148.349     3.4846    151.708    36.8119    36.8144 0.0000e+00
    392.068    181.000    21.1461    21.1677   5.140237   5.143555     2.0766     2.4614      79.40    179.731    25.8317    25.8320    21.1110    21.1325    1529.61    1529.68     3.4022    148.114     3.4853    151.734    36.7964    36.8046 0.0000e+00
    393.445    182.000    20.9238    20.9309   5.113383   5.114879     2.0706     2.4551      85.81    180.724    25.8731    25.8758    20.8887    20.8958    1529.01    1529.03     3.3867    147.436     3.4751    151.282    36.7707    36.7767 0.0000e+00
    394.069    183.000    20.8513    20.8550   5.104324   5.104977     2.0644     2.4477      85.92    181.716    25.8845    25.8851    20.8161    20.8198    1528.81    1528.83     3.3685    146.641     3.4587    150.570    36.7595    36.7616 0.0000e+00
    394.655    184.000    20.7510    20.7589   5.091631   5.093150     2.0571     2.4383      85.11    182.709    25.8991    25.9011    20.7157    20.7237    1528.54    1528.57     3.3514    145.897     3.4412    149.804    36.7428    36.7483 0.0000e+00
    395.437    185.000    20.6002    20.6124   5.072636   5.074792     2.0454     2.4229      83.00    183.701    25.9213    25.9234    20.5649    20.5771    1528.12    1528.16     3.3290    144.915     3.4166    148.728    36.7183    36.7254 0.0000e+00
    397.407    186.000    20.3717    20.4062   5.043153   5.047566     2.0124     2.3796      75.76    184.694    25.9502    25.9456    20.3365    20.3710    1527.47    1527.57     3.2627    142.027     3.3474    145.714    36.6752    36.6814 0.0000e+00
    398.422    187.000    20.1831    20.1956   5.018495   5.021043     1.9944     2.3575      72.14    185.686    25.9711    25.9754    20.1480    20.1605    1526.93    1526.97     3.2335    140.755     3.3218    144.594    36.6365    36.6465 0.0000e+00
    399.307    188.000    19.9949    20.0012   4.994399   4.995527     1.9785     2.3390      70.54    186.679    25.9946    25.9958    19.9599    19.9662    1526.39    1526.41     3.2080    139.641     3.2989    143.594    36.6014    36.6053 0.0000e+00
    400.201    189.000    19.9319    19.9386   4.987026   4.988251     1.9618     2.3189      71.64    187.671    26.0065    26.0080    19.8967    19.9034    1526.22    1526.25     3.1721    138.076     3.2627    142.020    36.5951    36.5995 0.0000e+00
    401.130    190.000    19.6857    19.6975   4.957022   4.959410     1.9441     2.2968      77.49    188.664    26.0455    26.0497    19.6506    19.6625    1525.52    1525.56     3.1477    137.010     3.2351    140.810    36.5612    36.5707 0.0000e+00
    402.246    191.000    19.4600    19.4653   4.929964   4.930742     1.9237     2.2708      86.45    189.656    26.0834    26.0835    19.4250    19.4303    1524.87    1524.89     3.1196    135.778     3.2030    139.412    36.5333    36.5351 0.0000e+00
